0 0 0
0 3.97E-11 0.236
0 3.97E-11 0.236
16.5625 3.97E-11 0.236
16.5625 3.97E-11 0.236
16.5 3.97E-11 0.236
16.5 3.97E-11 0.236
16.5 3.97E-11 0.236
16.5 3.97E-11 0.236
16.4375 3.97E-11 0.236
16.4375 3.97E-11 0.236
16.4375 3.96E-11 0.236
16.4375 3.96E-11 0.236
16.3125 3.96E-11 0.236
16.3125 3.96E-11 0.236
16.3125 3.96E-11 0.236
16.3125 3.96E-11 0.237
16.375 3.96E-11 0.237
16.375 3.96E-11 0.237
16.375 3.96E-11 0.237
16.375 3.96E-11 0.237
16.3125 3.96E-11 0.237
16.3125 3.96E-11 0.237
16.3125 3.96E-11 0.237
16.3125 3.96E-11 0.237
16.375 3.96E-11 0.237
16.375 3.96E-11 0.237
16.375 3.96E-11 0.237
16.375 3.96E-11 0.237
16.375 3.96E-11 0.238
16.375 3.96E-11 0.238
16.375 3.96E-11 0.238
16.4375 3.96E-11 0.238
16.4375 3.96E-11 0.238
16.4375 3.96E-11 0.238
16.4375 3.96E-11 0.238
16.5 3.96E-11 0.238
16.5 3.96E-11 0.238
16.5 3.96E-11 0.238
16.5 3.96E-11 0.238
16.5 3.96E-11 0.238
16.5 3.96E-11 0.238
16.5 3.96E-11 0.238
16.5 3.96E-11 0.238
16.5 3.95E-11 0.238
16.5 3.95E-11 0.238
16.625 3.95E-11 0.238
16.625 3.95E-11 0.238
16.625 3.95E-11 0.238
16.625 3.95E-11 0.238
16.625 3.95E-11 0.238
16.625 3.95E-11 0.239
16.625 3.95E-11 0.239
16.625 3.95E-11 0.239
16.625 3.95E-11 0.239
16.625 3.95E-11 0.239
16.625 3.95E-11 0.239
16.5625 3.95E-11 0.239
16.5625 3.95E-11 0.239
16.5625 3.95E-11 0.239
16.5625 3.95E-11 0.239
16.75 3.95E-11 0.239
16.75 3.95E-11 0.239
16.75 3.95E-11 0.239
16.75 3.95E-11 0.239
16.6875 3.95E-11 0.239
16.6875 3.95E-11 0.239
16.6875 3.95E-11 0.239
16.6875 3.95E-11 0.239
16.75 3.95E-11 0.239
16.75 3.95E-11 0.239
16.75 3.95E-11 0.239
16.75 3.94E-11 0.239
16.75 3.94E-11 0.239
16.75 3.94E-11 0.239
16.75 3.94E-11 0.239
16.6875 3.94E-11 0.24
16.6875 3.94E-11 0.24
16.6875 3.94E-11 0.24
16.6875 3.94E-11 0.24
16.75 3.94E-11 0.24
16.75 3.94E-11 0.24
16.75 3.94E-11 0.24
16.75 3.94E-11 0.24
16.75 3.94E-11 0.24
16.75 3.94E-11 0.24
16.75 3.94E-11 0.24
16.75 3.94E-11 0.24
16.75 3.94E-11 0.24
16.75 3.94E-11 0.24
16.75 3.94E-11 0.24
16.75 3.94E-11 0.24
16.75 3.94E-11 0.24
16.75 3.94E-11 0.24
16.75 3.94E-11 0.24
16.75 3.94E-11 0.24
16.75 3.94E-11 0.24
16.75 3.94E-11 0.24
16.75 3.94E-11 0.24
16.75 3.94E-11 0.24
16.75 3.94E-11 0.24
16.75 3.94E-11 0.24
16.75 3.94E-11 0.24
16.75 3.94E-11 0.24
16.75 3.94E-11 0.24
16.75 3.94E-11 0.24
16.75 3.94E-11 0.24
16.75 3.94E-11 0.24
16.75 3.94E-11 0.24
16.75 3.94E-11 0.24
16.75 3.94E-11 0.24
16.75 3.93E-11 0.24
16.75 3.93E-11 0.24
16.75 3.93E-11 0.24
16.8125 3.93E-11 0.24
16.8125 3.93E-11 0.24
16.8125 3.93E-11 0.24
16.8125 3.93E-11 0.24
16.875 3.93E-11 0.24
16.875 3.93E-11 0.24
16.875 3.93E-11 0.24
16.9375 3.93E-11 0.24
16.9375 3.93E-11 0.24
16.9375 3.93E-11 0.24
16.9375 3.93E-11 0.24
17 3.93E-11 0.24
17 3.93E-11 0.24
17 3.93E-11 0.24
17 3.93E-11 0.24
17 3.93E-11 0.24
17 3.93E-11 0.24
17 3.93E-11 0.24
17 3.93E-11 0.24
17 3.93E-11 0.24
17 3.93E-11 0.24
17 3.93E-11 0.24
17 3.93E-11 0.24
17 3.93E-11 0.24
17 3.93E-11 0.24
17 3.93E-11 0.24
17 3.93E-11 0.24
17 3.93E-11 0.24
17 3.93E-11 0.24
17 3.93E-11 0.24
17.0625 3.93E-11 0.24
17.0625 3.93E-11 0.24
17.0625 3.93E-11 0.24
17.0625 3.93E-11 0.24
17.25 3.93E-11 0.24
17.25 3.93E-11 0.24
17.25 3.93E-11 0.24
17.25 3.93E-11 0.24
17.25 3.93E-11 0.241
17.25 3.93E-11 0.241
17.25 3.93E-11 0.241
17.25 3.93E-11 0.241
17.25 3.93E-11 0.241
17.25 3.92E-11 0.241
17.25 3.92E-11 0.241
17.25 3.92E-11 0.241
17.3125 3.92E-11 0.241
17.3125 3.92E-11 0.241
17.3125 3.92E-11 0.241
17.4375 3.92E-11 0.241
17.4375 3.92E-11 0.241
17.4375 3.92E-11 0.241
17.4375 3.92E-11 0.241
17.5 3.92E-11 0.241
17.5 3.92E-11 0.241
17.5 3.92E-11 0.241
17.5 3.92E-11 0.241
17.5 3.92E-11 0.241
17.5 3.92E-11 0.241
17.5 3.92E-11 0.241
17.5 3.92E-11 0.241
17.5 3.92E-11 0.241
17.5 3.92E-11 0.241
17.5 3.92E-11 0.241
17.5 3.92E-11 0.241
17.625 3.92E-11 0.241
17.625 3.92E-11 0.241
17.6875 3.92E-11 0.241
17.75 3.92E-11 0.241
17.75 3.92E-11 0.241
17.75 3.92E-11 0.241
17.75 3.92E-11 0.241
17.75 3.92E-11 0.241
17.75 3.92E-11 0.241
17.75 3.92E-11 0.241
17.8125 3.92E-11 0.241
17.8125 3.92E-11 0.241
17.8125 3.92E-11 0.241
17.8125 3.92E-11 0.241
17.9375 3.92E-11 0.241
17.9375 3.92E-11 0.241
17.9375 3.92E-11 0.241
18 3.92E-11 0.241
18 3.92E-11 0.241
18 3.92E-11 0.241
18 3.92E-11 0.241
18 3.92E-11 0.241
18 3.92E-11 0.241
18 3.92E-11 0.241
18 3.92E-11 0.241
18 3.92E-11 0.241
18 3.92E-11 0.241
18 3.92E-11 0.241
18 3.92E-11 0.241
18.125 3.92E-11 0.241
18.125 3.92E-11 0.241
18.125 3.92E-11 0.241
18.1875 3.92E-11 0.241
18.25 3.92E-11 0.241
18.25 3.92E-11 0.241
18.25 3.92E-11 0.241
18.25 3.92E-11 0.241
18.25 3.92E-11 0.241
18.25 3.92E-11 0.241
18.25 3.92E-11 0.241
18.25 3.92E-11 0.241
18.25 3.92E-11 0.24
18.25 3.92E-11 0.24
18.25 3.92E-11 0.24
18.25 3.91E-11 0.24
18.25 3.91E-11 0.24
18.25 3.91E-11 0.24
18.375 3.91E-11 0.24
18.4375 3.91E-11 0.24
18.4375 3.91E-11 0.24
18.4375 3.91E-11 0.24
18.4375 3.91E-11 0.24
18.5 3.91E-11 0.24
18.5 3.91E-11 0.24
18.5 3.91E-11 0.24
18.5 3.91E-11 0.24
18.5 3.91E-11 0.24
18.5 3.91E-11 0.24
18.5 3.91E-11 0.24
18.5 3.91E-11 0.24
18.5 3.91E-11 0.24
18.5 3.91E-11 0.24
18.5 3.91E-11 0.24
18.625 3.91E-11 0.24
18.625 3.91E-11 0.24
18.625 3.91E-11 0.24
18.625 3.91E-11 0.24
18.625 3.91E-11 0.24
18.625 3.91E-11 0.24
18.625 3.91E-11 0.24
18.75 3.91E-11 0.24
18.75 3.91E-11 0.24
18.75 3.91E-11 0.24
18.75 3.91E-11 0.239
18.75 3.91E-11 0.239
18.75 3.91E-11 0.239
18.75 3.91E-11 0.239
18.75 3.91E-11 0.239
18.875 3.91E-11 0.239
18.875 3.91E-11 0.239
18.875 3.91E-11 0.239
18.875 3.91E-11 0.239
19 3.91E-11 0.239
19 3.91E-11 0.239
19 3.91E-11 0.239
19 3.91E-11 0.239
19 3.91E-11 0.239
19 3.91E-11 0.239
19 3.91E-11 0.239
19 3.91E-11 0.238
19 3.91E-11 0.238
19 3.91E-11 0.238
19 3.91E-11 0.238
19.125 3.91E-11 0.238
19.125 3.91E-11 0.238
19.125 3.91E-11 0.238
19.125 3.91E-11 0.238
19.25 3.91E-11 0.238
19.25 3.91E-11 0.238
19.25 3.91E-11 0.238
19.25 3.91E-11 0.238
19.25 3.91E-11 0.238
19.25 3.91E-11 0.238
19.25 3.91E-11 0.238
19.3125 3.91E-11 0.237
19.3125 3.9E-11 0.237
19.3125 3.9E-11 0.237
19.3125 3.9E-11 0.237
19.375 3.9E-11 0.237
19.4375 3.9E-11 0.237
19.4375 3.9E-11 0.237
19.4375 3.9E-11 0.236
19.4375 3.9E-11 0.236
19.4375 3.9E-11 0.236
19.4375 3.9E-11 0.236
19.4375 3.9E-11 0.236
19.4375 3.9E-11 0.236
19.4375 3.9E-11 0.236
19.5 3.9E-11 0.236
19.5 3.9E-11 0.236
19.5 3.9E-11 0.236
19.625 3.9E-11 0.236
19.625 3.9E-11 0.236
19.5 3.9E-11 0.236
19.6875 3.9E-11 0.236
19.6875 3.9E-11 0.236
19.6875 3.9E-11 0.236
19.6875 3.9E-11 0.236
19.6875 3.9E-11 0.235
19.6875 3.9E-11 0.235
19.75 3.9E-11 0.235
19.75 3.9E-11 0.235
19.75 3.9E-11 0.235
19.75 3.9E-11 0.235
19.75 3.9E-11 0.235
19.75 3.9E-11 0.235
19.75 3.9E-11 0.235
19.75 3.9E-11 0.235
19.75 3.9E-11 0.235
19.75 3.9E-11 0.235
19.75 3.9E-11 0.235
20 3.9E-11 0.234
20 3.9E-11 0.234
20 3.9E-11 0.234
20 3.9E-11 0.234
19.9375 3.9E-11 0.234
19.9375 3.9E-11 0.234
19.9375 3.9E-11 0.234
20 3.9E-11 0.234
20 3.9E-11 0.234
20 3.9E-11 0.234
20 3.9E-11 0.234
20 3.9E-11 0.234
20 3.9E-11 0.234
20 3.9E-11 0.233
20 3.9E-11 0.233
20 3.9E-11 0.233
20 3.9E-11 0.233
20 3.9E-11 0.233
20.25 3.9E-11 0.233
20.25 3.9E-11 0.233
20.25 3.9E-11 0.233
20.25 3.89E-11 0.233
20.25 3.89E-11 0.233
20.25 3.89E-11 0.233
20.25 3.89E-11 0.233
20.25 3.89E-11 0.232
20.25 3.89E-11 0.232
20.25 3.89E-11 0.232
20.25 3.89E-11 0.232
20.25 3.89E-11 0.232
20.25 3.89E-11 0.232
20.25 3.89E-11 0.232
20.25 3.89E-11 0.232
20.375 3.89E-11 0.232
20.375 3.89E-11 0.232
20.375 3.89E-11 0.232
20.375 3.89E-11 0.232
20.4375 3.89E-11 0.231
20.4375 3.89E-11 0.231
20.4375 3.89E-11 0.231
20.4375 3.89E-11 0.231
20.5 3.89E-11 0.231
20.5 3.89E-11 0.231
20.5 3.89E-11 0.231
20.5 3.89E-11 0.23
20.5 3.89E-11 0.23
20.5 3.89E-11 0.23
20.5 3.89E-11 0.23
20.625 3.89E-11 0.23
20.625 3.89E-11 0.23
20.625 3.89E-11 0.23
20.625 3.89E-11 0.23
20.6875 3.89E-11 0.23
20.6875 3.89E-11 0.23
20.6875 3.89E-11 0.23
20.6875 3.89E-11 0.229
20.75 3.89E-11 0.229
20.75 3.89E-11 0.229
20.75 3.89E-11 0.229
20.75 3.89E-11 0.229
20.75 3.89E-11 0.229
20.875 3.89E-11 0.229
20.9375 3.89E-11 0.229
20.875 3.89E-11 0.229
20.875 3.89E-11 0.229
20.875 3.89E-11 0.229
20.875 3.89E-11 0.228
20.9375 3.89E-11 0.228
20.9375 3.89E-11 0.228
20.9375 3.89E-11 0.228
20.9375 3.89E-11 0.228
20.9375 3.89E-11 0.228
20.9375 3.89E-11 0.228
20.9375 3.89E-11 0.228
20.9375 3.89E-11 0.228
21 3.89E-11 0.228
21 3.89E-11 0.228
21 3.89E-11 0.227
21 3.89E-11 0.227
21 3.89E-11 0.227
21 3.89E-11 0.227
21 3.89E-11 0.227
21.0625 3.89E-11 0.227
21.0625 3.89E-11 0.227
21.0625 3.89E-11 0.227
21.0625 3.89E-11 0.227
21.1875 3.89E-11 0.227
21.1875 3.89E-11 0.227
21.1875 3.89E-11 0.226
21.1875 3.89E-11 0.226
21.1875 3.89E-11 0.226
21.1875 3.89E-11 0.226
21.1875 3.89E-11 0.226
21.25 3.89E-11 0.226
21.25 3.89E-11 0.226
21.25 3.89E-11 0.226
21.25 3.89E-11 0.226
21.25 3.89E-11 0.226
21.25 3.89E-11 0.226
21.25 3.89E-11 0.225
21.25 3.89E-11 0.225
21.3125 3.89E-11 0.225
21.3125 3.89E-11 0.225
21.3125 3.88E-11 0.225
21.5 3.88E-11 0.225
21.5 3.88E-11 0.225
21.5 3.88E-11 0.225
21.5 3.88E-11 0.225
21.5 3.88E-11 0.225
21.5 3.88E-11 0.224
21.5 3.88E-11 0.224
21.5 3.88E-11 0.224
21.5 3.88E-11 0.224
21.5 3.88E-11 0.224
21.5 3.88E-11 0.224
21.5 3.88E-11 0.224
21.5625 3.88E-11 0.224
21.5625 3.88E-11 0.224
21.5625 3.88E-11 0.224
21.5625 3.88E-11 0.224
21.625 3.88E-11 0.224
21.625 3.88E-11 0.223
21.625 3.88E-11 0.223
21.625 3.88E-11 0.223
21.6875 3.88E-11 0.223
21.75 3.88E-11 0.223
21.75 3.88E-11 0.223
21.75 3.88E-11 0.223
21.75 3.88E-11 0.223
21.75 3.88E-11 0.223
21.75 3.88E-11 0.222
21.75 3.88E-11 0.222
21.75 3.88E-11 0.222
21.75 3.88E-11 0.222
21.75 3.88E-11 0.222
21.9375 3.88E-11 0.222
21.9375 3.88E-11 0.222
21.9375 3.88E-11 0.222
21.9375 3.88E-11 0.222
22 3.88E-11 0.222
22 3.88E-11 0.221
22 3.88E-11 0.221
22 3.88E-11 0.221
22 3.88E-11 0.221
22 3.88E-11 0.221
22 3.88E-11 0.221
22 3.88E-11 0.221
22 3.88E-11 0.221
22 3.88E-11 0.221
22 3.88E-11 0.221
22.0625 3.88E-11 0.22
22.0625 3.88E-11 0.22
22.0625 3.88E-11 0.22
22.1875 3.88E-11 0.22
22.1875 3.88E-11 0.22
22.1875 3.88E-11 0.22
22.1875 3.88E-11 0.22
22.25 3.88E-11 0.22
22.25 3.88E-11 0.22
22.25 3.88E-11 0.219
22.25 3.88E-11 0.219
22.25 3.88E-11 0.219
22.25 3.88E-11 0.219
22.25 3.88E-11 0.219
22.25 3.88E-11 0.219
22.25 3.88E-11 0.219
22.25 3.88E-11 0.219
22.25 3.88E-11 0.219
22.3125 3.88E-11 0.219
22.3125 3.88E-11 0.218
22.3125 3.88E-11 0.218
22.3125 3.88E-11 0.218
22.5 3.88E-11 0.218
22.5 3.88E-11 0.218
22.5 3.88E-11 0.218
22.5 3.88E-11 0.218
22.5 3.88E-11 0.218
22.5 3.88E-11 0.218
22.5 3.88E-11 0.218
22.5 3.88E-11 0.217
22.5 3.88E-11 0.217
22.5 3.88E-11 0.217
22.5 3.88E-11 0.217
22.5 3.88E-11 0.217
22.5 3.88E-11 0.217
22.5 3.88E-11 0.217
22.5 3.88E-11 0.217
22.5625 3.88E-11 0.217
22.5625 3.88E-11 0.216
22.5625 3.88E-11 0.216
22.5625 3.88E-11 0.216
22.75 3.88E-11 0.216
22.75 3.88E-11 0.216
22.75 3.88E-11 0.216
22.75 3.88E-11 0.216
22.75 3.88E-11 0.216
22.75 3.88E-11 0.216
22.75 3.88E-11 0.216
22.75 3.88E-11 0.215
22.75 3.88E-11 0.215
22.75 3.88E-11 0.215
22.75 3.88E-11 0.215
22.8125 3.88E-11 0.215
22.9375 3.88E-11 0.215
22.9375 3.88E-11 0.215
22.9375 3.88E-11 0.215
23 3.88E-11 0.215
23 3.88E-11 0.215
23 3.88E-11 0.215
23 3.88E-11 0.215
23 3.88E-11 0.215
23 3.88E-11 0.214
23 3.88E-11 0.214
23 3.88E-11 0.214
23 3.88E-11 0.214
23 3.88E-11 0.214
23 3.88E-11 0.214
23.0625 3.88E-11 0.214
23.125 3.88E-11 0.214
23.125 3.88E-11 0.214
23.1875 3.88E-11 0.214
23.25 3.88E-11 0.213
23.25 3.88E-11 0.213
23.25 3.88E-11 0.213
23.25 3.88E-11 0.213
23.25 3.88E-11 0.213
23.25 3.88E-11 0.213
23.25 3.88E-11 0.213
23.25 3.88E-11 0.213
23.25 3.88E-11 0.213
23.25 3.88E-11 0.212
23.3125 3.88E-11 0.212
23.3125 3.88E-11 0.212
23.3125 3.88E-11 0.212
23.3125 3.88E-11 0.212
23.375 3.89E-11 0.212
23.375 3.89E-11 0.212
23.375 3.89E-11 0.212
23.375 3.89E-11 0.212
23.5 3.89E-11 0.211
23.5 3.89E-11 0.211
23.5 3.89E-11 0.211
23.5 3.89E-11 0.211
23.5 3.89E-11 0.211
23.5 3.89E-11 0.211
23.5 3.89E-11 0.211
23.5625 3.89E-11 0.211
23.5625 3.89E-11 0.211
23.5625 3.89E-11 0.211
23.5 3.89E-11 0.21
23.5 3.89E-11 0.21
23.5 3.89E-11 0.21
23.5 3.89E-11 0.21
23.75 3.89E-11 0.21
23.75 3.89E-11 0.21
23.75 3.89E-11 0.21
23.75 3.89E-11 0.21
23.75 3.89E-11 0.21
23.75 3.89E-11 0.21
23.75 3.89E-11 0.21
23.75 3.89E-11 0.21
23.75 3.89E-11 0.209
23.75 3.89E-11 0.209
23.75 3.89E-11 0.209
23.75 3.89E-11 0.209
23.75 3.89E-11 0.209
23.75 3.89E-11 0.209
23.75 3.89E-11 0.209
23.8125 3.89E-11 0.209
23.8125 3.89E-11 0.209
23.8125 3.89E-11 0.208
24 3.89E-11 0.208
24 3.89E-11 0.208
24 3.89E-11 0.208
24 3.89E-11 0.208
24 3.89E-11 0.208
24 3.89E-11 0.208
24 3.89E-11 0.208
24 3.89E-11 0.207
24 3.89E-11 0.207
24 3.89E-11 0.207
24 3.89E-11 0.207
24 3.89E-11 0.207
24 3.89E-11 0.207
24 3.89E-11 0.207
24.1875 3.89E-11 0.207
24.1875 3.89E-11 0.207
24.1875 3.89E-11 0.207
24.1875 3.89E-11 0.207
24.1875 3.89E-11 0.207
24.25 3.89E-11 0.207
24.25 3.89E-11 0.206
24.25 3.89E-11 0.206
24.375 3.89E-11 0.206
24.4375 3.89E-11 0.206
24.4375 3.89E-11 0.206
24.4375 3.89E-11 0.206
24.375 3.89E-11 0.206
24.375 3.89E-11 0.206
24.375 3.89E-11 0.205
24.375 3.89E-11 0.205
24.5 3.89E-11 0.205
24.5 3.89E-11 0.205
24.5 3.89E-11 0.205
24.5 3.89E-11 0.205
24.5 3.89E-11 0.205
24.5 3.89E-11 0.205
24.5 3.89E-11 0.205
24.5 3.89E-11 0.204
24.5 3.89E-11 0.204
24.5 3.89E-11 0.204
24.5 3.89E-11 0.204
24.5 3.9E-11 0.204
24.5 3.9E-11 0.204
24.5 3.9E-11 0.204
24.625 3.9E-11 0.204
24.625 3.9E-11 0.204
24.625 3.9E-11 0.204
24.6875 3.9E-11 0.204
24.6875 3.9E-11 0.204
24.6875 3.9E-11 0.204
24.6875 3.9E-11 0.203
24.6875 3.9E-11 0.203
24.6875 3.9E-11 0.203
24.6875 3.9E-11 0.203
24.75 3.9E-11 0.203
24.75 3.9E-11 0.203
24.75 3.9E-11 0.203
24.75 3.9E-11 0.203
24.8125 3.9E-11 0.202
24.8125 3.9E-11 0.202
24.8125 3.9E-11 0.202
24.8125 3.9E-11 0.202
24.875 3.9E-11 0.202
24.875 3.9E-11 0.202
24.875 3.9E-11 0.202
24.875 3.9E-11 0.202
24.9375 3.9E-11 0.202
24.9375 3.9E-11 0.202
24.9375 3.9E-11 0.202
25 3.9E-11 0.201
25 3.9E-11 0.201
25 3.9E-11 0.201
25 3.9E-11 0.201
25.0625 3.9E-11 0.201
25.0625 3.9E-11 0.201
25.0625 3.9E-11 0.201
25.0625 3.9E-11 0.201
25.1875 3.9E-11 0.201
25.1875 3.9E-11 0.2
25.1875 3.9E-11 0.2
25.25 3.9E-11 0.2
25.25 3.9E-11 0.2
25.25 3.9E-11 0.2
25.25 3.9E-11 0.2
25.25 3.9E-11 0.2
25.25 3.9E-11 0.2
25.25 3.9E-11 0.2
25.25 3.9E-11 0.2
25.25 3.91E-11 0.2
25.25 3.91E-11 0.2
25.25 3.91E-11 0.199
25.25 3.91E-11 0.199
25.4375 3.91E-11 0.199
25.4375 3.91E-11 0.199
25.5 3.91E-11 0.199
25.4375 3.91E-11 0.199
25.4375 3.91E-11 0.199
25.4375 3.91E-11 0.199
25.5 3.91E-11 0.198
25.5 3.91E-11 0.198
25.5 3.91E-11 0.198
25.5 3.91E-11 0.198
25.5 3.91E-11 0.198
25.5 3.91E-11 0.198
25.5 3.91E-11 0.198
25.5 3.91E-11 0.198
25.5 3.91E-11 0.198
25.5 3.91E-11 0.198
25.5 3.91E-11 0.198
25.75 3.91E-11 0.198
25.75 3.91E-11 0.197
25.75 3.91E-11 0.197
25.75 3.91E-11 0.197
25.75 3.91E-11 0.197
25.75 3.91E-11 0.197
25.75 3.91E-11 0.197
25.75 3.91E-11 0.197
25.75 3.91E-11 0.197
25.75 3.91E-11 0.196
25.75 3.91E-11 0.196
25.875 3.91E-11 0.196
25.875 3.91E-11 0.196
25.875 3.91E-11 0.196
25.875 3.91E-11 0.196
25.9375 3.91E-11 0.196
26 3.91E-11 0.196
26 3.91E-11 0.196
26 3.91E-11 0.196
26 3.91E-11 0.196
26 3.92E-11 0.195
26 3.92E-11 0.195
26.0625 3.92E-11 0.195
26.0625 3.92E-11 0.195
26.0625 3.92E-11 0.195
26.0625 3.92E-11 0.195
26.0625 3.92E-11 0.195
26.0625 3.92E-11 0.194
26.0625 3.92E-11 0.194
26.1875 3.92E-11 0.194
26.1875 3.92E-11 0.194
26.1875 3.92E-11 0.194
26.1875 3.92E-11 0.194
26.25 3.92E-11 0.194
26.25 3.92E-11 0.194
26.25 3.92E-11 0.194
26.25 3.92E-11 0.194
26.5 3.92E-11 0.194
26.5 3.92E-11 0.194
26.5 3.92E-11 0.194
26.5 3.92E-11 0.193
26.5 3.92E-11 0.193
26.5 3.92E-11 0.193
26.5 3.92E-11 0.193
26.5 3.92E-11 0.193
26.5 3.92E-11 0.193
26.5 3.92E-11 0.193
26.5 3.92E-11 0.193
26.5625 3.92E-11 0.193
26.5625 3.92E-11 0.193
26.5625 3.92E-11 0.193
26.5625 3.92E-11 0.192
26.6875 3.93E-11 0.192
26.6875 3.93E-11 0.192
26.6875 3.93E-11 0.192
26.75 3.93E-11 0.192
26.75 3.93E-11 0.192
26.75 3.93E-11 0.192
26.75 3.93E-11 0.191
26.75 3.93E-11 0.191
26.75 3.93E-11 0.191
26.75 3.93E-11 0.191
26.8125 3.93E-11 0.191
26.8125 3.93E-11 0.191
26.8125 3.93E-11 0.191
26.8125 3.93E-11 0.191
26.875 3.93E-11 0.191
26.875 3.93E-11 0.191
26.875 3.93E-11 0.191
26.9375 3.93E-11 0.19
26.9375 3.93E-11 0.19
26.9375 3.93E-11 0.19
26.9375 3.93E-11 0.19
27 3.93E-11 0.19
27 3.93E-11 0.19
27 3.93E-11 0.19
27 3.93E-11 0.19
27 3.93E-11 0.19
27 3.93E-11 0.19
27 3.93E-11 0.19
27 3.93E-11 0.19
27 3.93E-11 0.189
27 3.93E-11 0.189
27 3.94E-11 0.189
27 3.94E-11 0.189
27 3.94E-11 0.189
27 3.94E-11 0.189
27 3.94E-11 0.189
27.25 3.94E-11 0.189
27.25 3.94E-11 0.189
27.25 3.94E-11 0.189
27.25 3.94E-11 0.189
27.25 3.94E-11 0.188
27.25 3.94E-11 0.188
27.25 3.94E-11 0.188
27.3125 3.94E-11 0.188
27.3125 3.94E-11 0.188
27.3125 3.94E-11 0.188
27.3125 3.94E-11 0.188
27.25 3.94E-11 0.187
27.25 3.94E-11 0.187
27.25 3.94E-11 0.187
27.4375 3.94E-11 0.187
27.4375 3.94E-11 0.187
27.4375 3.94E-11 0.187
27.4375 3.94E-11 0.187
27.4375 3.94E-11 0.187
27.5 3.94E-11 0.187
27.5 3.94E-11 0.187
27.5 3.94E-11 0.186
27.5 3.94E-11 0.186
27.5 3.94E-11 0.186
27.5 3.95E-11 0.186
27.5 3.95E-11 0.186
27.5 3.95E-11 0.186
27.5 3.95E-11 0.186
27.5 3.95E-11 0.186
27.625 3.95E-11 0.186
27.625 3.95E-11 0.186
27.625 3.95E-11 0.185
27.625 3.95E-11 0.185
27.625 3.95E-11 0.185
27.625 3.95E-11 0.185
27.625 3.95E-11 0.185
27.75 3.95E-11 0.185
27.75 3.95E-11 0.185
27.75 3.95E-11 0.185
27.75 3.95E-11 0.185
27.75 3.95E-11 0.185
27.75 3.95E-11 0.185
27.75 3.95E-11 0.184
27.8125 3.95E-11 0.184
27.8125 3.95E-11 0.184
27.8125 3.95E-11 0.184
27.8125 3.95E-11 0.184
27.8125 3.95E-11 0.184
27.8125 3.95E-11 0.184
27.8125 3.95E-11 0.184
27.8125 3.95E-11 0.184
28 3.96E-11 0.184
28 3.96E-11 0.183
28 3.96E-11 0.183
28 3.96E-11 0.183
28 3.96E-11 0.183
28 3.96E-11 0.183
28 3.96E-11 0.183
28 3.96E-11 0.183
28 3.96E-11 0.183
28 3.96E-11 0.183
28 3.96E-11 0.183
28.125 3.96E-11 0.182
28.125 3.96E-11 0.182
28.125 3.96E-11 0.182
28.125 3.96E-11 0.182
28.25 3.96E-11 0.182
28.25 3.96E-11 0.182
28.25 3.96E-11 0.182
28.1875 3.96E-11 0.182
28.1875 3.96E-11 0.182
28.1875 3.96E-11 0.182
28.1875 3.96E-11 0.181
28.25 3.96E-11 0.181
28.25 3.96E-11 0.181
28.25 3.96E-11 0.181
28.25 3.97E-11 0.181
28.25 3.97E-11 0.181
28.25 3.97E-11 0.181
28.25 3.97E-11 0.181
28.375 3.97E-11 0.181
28.375 3.97E-11 0.181
28.375 3.97E-11 0.18
28.375 3.97E-11 0.18
28.4375 3.97E-11 0.18
28.4375 3.97E-11 0.18
28.4375 3.97E-11 0.18
28.4375 3.97E-11 0.18
28.5 3.97E-11 0.18
28.5 3.97E-11 0.18
28.5 3.97E-11 0.18
28.5 3.97E-11 0.18
28.5 3.97E-11 0.179
28.5 3.97E-11 0.179
28.5 3.97E-11 0.179
28.5625 3.97E-11 0.179
28.5625 3.97E-11 0.179
28.625 3.97E-11 0.179
28.6875 3.97E-11 0.179
28.6875 3.97E-11 0.179
28.6875 3.97E-11 0.179
28.6875 3.98E-11 0.179
28.75 3.98E-11 0.178
28.75 3.98E-11 0.178
28.75 3.98E-11 0.178
28.75 3.98E-11 0.178
28.75 3.98E-11 0.178
28.75 3.98E-11 0.178
28.75 3.98E-11 0.178
28.75 3.98E-11 0.178
28.75 3.98E-11 0.178
28.8125 3.98E-11 0.178
28.875 3.98E-11 0.177
28.875 3.98E-11 0.177
28.875 3.98E-11 0.177
28.875 3.98E-11 0.177
29 3.98E-11 0.177
29 3.98E-11 0.177
29 3.98E-11 0.177
29 3.98E-11 0.177
29.0625 3.98E-11 0.177
29.0625 3.98E-11 0.176
29.0625 3.98E-11 0.176
29.0625 3.98E-11 0.176
29 3.99E-11 0.176
29 3.99E-11 0.176
29.125 3.99E-11 0.176
29.125 3.99E-11 0.176
29.125 3.99E-11 0.176
29.125 3.99E-11 0.176
29.125 3.99E-11 0.176
29.25 3.99E-11 0.176
29.25 3.99E-11 0.176
29.25 3.99E-11 0.176
29.25 3.99E-11 0.175
29.25 3.99E-11 0.175
29.25 3.99E-11 0.175
29.25 3.99E-11 0.175
29.25 3.99E-11 0.175
29.25 3.99E-11 0.175
29.25 3.99E-11 0.175
29.25 3.99E-11 0.175
29.25 3.99E-11 0.175
29.3125 3.99E-11 0.174
29.3125 3.99E-11 0.174
29.3125 3.99E-11 0.174
29.4375 3.99E-11 0.174
29.4375 3.99E-11 0.174
29.4375 4E-11 0.174
29.4375 4E-11 0.174
29.5 4E-11 0.174
29.5 4E-11 0.174
29.5 4E-11 0.173
29.5 4E-11 0.173
29.5625 4E-11 0.173
29.5625 4E-11 0.173
29.5625 4E-11 0.173
29.625 4E-11 0.173
29.625 4E-11 0.173
29.625 4E-11 0.173
29.625 4E-11 0.173
29.75 4E-11 0.173
29.75 4E-11 0.172
29.75 4E-11 0.172
29.75 4E-11 0.172
29.75 4E-11 0.172
29.75 4E-11 0.172
29.75 4E-11 0.172
29.75 4E-11 0.172
29.75 4E-11 0.172
29.75 4E-11 0.171
29.75 4E-11 0.171
29.75 4E-11 0.171
29.875 4E-11 0.171
29.875 4E-11 0.171
29.875 4E-11 0.171
29.875 4E-11 0.171
30 4E-11 0.171
30 4E-11 0.17
30 4.01E-11 0.17
30 4.01E-11 0.17
30 4.01E-11 0.17
30 4.01E-11 0.17
30 4.01E-11 0.17
30 4.01E-11 0.17
30 4.01E-11 0.17
30 4.01E-11 0.17
30.125 4.01E-11 0.17
30.125 4.01E-11 0.17
30.125 4.01E-11 0.169
30.125 4.01E-11 0.169
30.1875 4.01E-11 0.169
30.1875 4.01E-11 0.169
30.1875 4.01E-11 0.169
30.1875 4.01E-11 0.169
30.25 4.01E-11 0.169
30.25 4.01E-11 0.169
30.25 4.01E-11 0.168
30.25 4.01E-11 0.168
30.25 4.01E-11 0.168
30.25 4.01E-11 0.168
30.25 4.01E-11 0.168
30.25 4.01E-11 0.168
30.25 4.01E-11 0.168
30.25 4.01E-11 0.168
30.375 4.01E-11 0.168
30.5 4.01E-11 0.167
30.5 4.01E-11 0.167
30.5 4.01E-11 0.167
30.5 4.02E-11 0.167
30.5 4.02E-11 0.167
30.5 4.02E-11 0.167
30.5 4.02E-11 0.167
30.5 4.02E-11 0.167
30.5 4.02E-11 0.166
30.5 4.02E-11 0.166
30.5 4.02E-11 0.166
30.5 4.02E-11 0.166
30.5625 4.02E-11 0.166
30.5625 4.02E-11 0.166
30.6875 4.02E-11 0.166
30.5625 4.02E-11 0.166
30.5625 4.02E-11 0.166
30.5625 4.02E-11 0.166
30.5625 4.02E-11 0.165
30.75 4.02E-11 0.165
30.75 4.02E-11 0.165
30.75 4.02E-11 0.165
30.75 4.02E-11 0.165
30.75 4.02E-11 0.165
30.75 4.02E-11 0.165
30.75 4.02E-11 0.165
30.75 4.02E-11 0.165
30.75 4.02E-11 0.164
30.75 4.02E-11 0.164
30.75 4.02E-11 0.164
30.8125 4.02E-11 0.164
30.8125 4.02E-11 0.164
30.8125 4.03E-11 0.164
30.8125 4.03E-11 0.164
30.875 4.03E-11 0.163
30.875 4.03E-11 0.163
30.875 4.03E-11 0.163
30.9375 4.03E-11 0.163
30.9375 4.03E-11 0.163
30.9375 4.03E-11 0.163
30.9375 4.03E-11 0.163
31 4.03E-11 0.163
31 4.03E-11 0.163
31 4.03E-11 0.162
31 4.03E-11 0.162
31.125 4.03E-11 0.162
31.125 4.03E-11 0.162
31.125 4.03E-11 0.162
31.125 4.03E-11 0.162
31.0625 4.03E-11 0.162
31.0625 4.03E-11 0.162
31.0625 4.03E-11 0.162
31.0625 4.03E-11 0.162
31.25 4.03E-11 0.161
31.25 4.03E-11 0.161
31.25 4.03E-11 0.161
31.25 4.03E-11 0.161
31.25 4.03E-11 0.161
31.25 4.04E-11 0.161
31.25 4.04E-11 0.161
31.25 4.04E-11 0.161
31.25 4.04E-11 0.16
31.25 4.04E-11 0.16
31.25 4.04E-11 0.16
31.4375 4.04E-11 0.16
31.4375 4.04E-11 0.16
31.4375 4.04E-11 0.16
31.375 4.04E-11 0.16
31.375 4.04E-11 0.16
31.375 4.04E-11 0.16
31.375 4.04E-11 0.159
31.5 4.04E-11 0.159
31.5 4.04E-11 0.159
31.5 4.04E-11 0.159
31.5 4.04E-11 0.159
31.5 4.04E-11 0.159
31.5 4.04E-11 0.159
31.5 4.04E-11 0.158
31.625 4.04E-11 0.158
31.625 4.04E-11 0.158
31.625 4.04E-11 0.158
31.625 4.04E-11 0.158
31.75 4.04E-11 0.158
31.75 4.04E-11 0.158
31.75 4.04E-11 0.158
31.75 4.05E-11 0.158
31.75 4.05E-11 0.157
31.75 4.05E-11 0.157
31.75 4.05E-11 0.157
31.75 4.05E-11 0.157
31.75 4.05E-11 0.157
31.75 4.05E-11 0.157
31.75 4.05E-11 0.157
31.8125 4.05E-11 0.157
31.8125 4.05E-11 0.157
31.8125 4.05E-11 0.156
31.8125 4.05E-11 0.156
31.875 4.05E-11 0.156
31.875 4.05E-11 0.156
31.875 4.05E-11 0.156
31.875 4.05E-11 0.156
31.9375 4.05E-11 0.156
31.9375 4.05E-11 0.156
31.9375 4.05E-11 0.156
32 4.05E-11 0.156
32 4.05E-11 0.156
32 4.05E-11 0.155
32 4.05E-11 0.155
32 4.05E-11 0.155
32 4.05E-11 0.155
32 4.05E-11 0.155
32.125 4.06E-11 0.155
32.125 4.06E-11 0.155
32.125 4.06E-11 0.155
32.125 4.06E-11 0.155
32.1875 4.06E-11 0.154
32.1875 4.06E-11 0.154
32.1875 4.06E-11 0.154
32.1875 4.06E-11 0.154
32.25 4.06E-11 0.154
32.25 4.06E-11 0.154
32.25 4.06E-11 0.154
32.25 4.06E-11 0.154
32.25 4.06E-11 0.153
32.25 4.06E-11 0.153
32.25 4.06E-11 0.153
32.25 4.06E-11 0.153
32.25 4.06E-11 0.153
32.25 4.06E-11 0.153
32.25 4.06E-11 0.153
32.375 4.06E-11 0.153
32.375 4.06E-11 0.153
32.375 4.06E-11 0.152
32.375 4.06E-11 0.152
32.5 4.06E-11 0.152
32.5 4.06E-11 0.152
32.5 4.07E-11 0.152
32.5 4.07E-11 0.152
32.5625 4.07E-11 0.152
32.5625 4.07E-11 0.152
32.5625 4.07E-11 0.152
32.5625 4.07E-11 0.151
32.5 4.07E-11 0.151
32.5 4.07E-11 0.151
32.5 4.07E-11 0.151
32.625 4.07E-11 0.151
32.625 4.07E-11 0.151
32.625 4.07E-11 0.151
32.75 4.07E-11 0.151
32.75 4.07E-11 0.151
32.75 4.07E-11 0.151
32.75 4.07E-11 0.15
32.75 4.07E-11 0.15
32.75 4.07E-11 0.15
32.75 4.07E-11 0.15
32.75 4.07E-11 0.15
32.75 4.07E-11 0.15
32.75 4.07E-11 0.15
32.75 4.07E-11 0.15
32.875 4.08E-11 0.149
32.875 4.08E-11 0.149
32.875 4.08E-11 0.149
32.875 4.08E-11 0.149
33 4.08E-11 0.149
33 4.08E-11 0.149
33 4.08E-11 0.149
33 4.08E-11 0.149
33 4.08E-11 0.149
33 4.08E-11 0.149
33 4.08E-11 0.148
33 4.08E-11 0.148
33.125 4.08E-11 0.148
33.125 4.08E-11 0.148
33.125 4.08E-11 0.148
33.125 4.08E-11 0.148
33.125 4.08E-11 0.148
33.125 4.08E-11 0.148
33.125 4.08E-11 0.147
33.25 4.08E-11 0.147
33.25 4.08E-11 0.147
33.25 4.08E-11 0.147
33.25 4.08E-11 0.147
33.25 4.08E-11 0.147
33.25 4.09E-11 0.147
33.25 4.09E-11 0.147
33.25 4.09E-11 0.147
33.25 4.09E-11 0.147
33.25 4.09E-11 0.146
33.25 4.09E-11 0.146
33.25 4.09E-11 0.146
33.3125 4.09E-11 0.146
33.3125 4.09E-11 0.146
33.3125 4.09E-11 0.146
33.3125 4.09E-11 0.146
33.5 4.09E-11 0.146
33.5 4.09E-11 0.146
33.5 4.09E-11 0.145
33.5 4.09E-11 0.145
33.5 4.09E-11 0.145
33.5 4.09E-11 0.145
33.5 4.09E-11 0.145
33.625 4.09E-11 0.145
33.625 4.09E-11 0.145
33.625 4.09E-11 0.145
33.625 4.1E-11 0.145
33.625 4.1E-11 0.145
33.625 4.1E-11 0.144
33.625 4.1E-11 0.144
33.625 4.1E-11 0.144
33.75 4.1E-11 0.144
33.75 4.1E-11 0.144
33.75 4.1E-11 0.144
33.75 4.1E-11 0.144
33.75 4.1E-11 0.144
33.8125 4.1E-11 0.144
33.8125 4.1E-11 0.144
33.875 4.1E-11 0.143
33.875 4.1E-11 0.143
33.875 4.1E-11 0.143
33.875 4.1E-11 0.143
33.9375 4.1E-11 0.143
33.9375 4.1E-11 0.143
33.9375 4.1E-11 0.143
33.9375 4.1E-11 0.143
34 4.1E-11 0.143
34 4.11E-11 0.142
34 4.11E-11 0.142
34.0625 4.11E-11 0.142
34.0625 4.11E-11 0.142
34.0625 4.11E-11 0.142
34 4.11E-11 0.142
34 4.11E-11 0.142
34.0625 4.11E-11 0.142
34.0625 4.11E-11 0.142
34.0625 4.11E-11 0.142
34.125 4.11E-11 0.141
34.125 4.11E-11 0.141
34.125 4.11E-11 0.141
34.125 4.11E-11 0.141
34.125 4.11E-11 0.141
34.125 4.11E-11 0.141
34.125 4.11E-11 0.141
34.25 4.11E-11 0.141
34.25 4.11E-11 0.141
34.25 4.12E-11 0.141
34.25 4.12E-11 0.14
34.25 4.12E-11 0.14
34.25 4.12E-11 0.14
34.25 4.12E-11 0.14
34.3125 4.12E-11 0.14
34.3125 4.12E-11 0.14
34.3125 4.12E-11 0.14
34.3125 4.12E-11 0.14
34.3125 4.12E-11 0.14
34.3125 4.12E-11 0.139
34.3125 4.12E-11 0.139
34.5 4.12E-11 0.139
34.5 4.12E-11 0.139
34.5 4.12E-11 0.139
34.5 4.12E-11 0.139
34.5 4.12E-11 0.139
34.5 4.12E-11 0.139
34.5 4.12E-11 0.139
34.5 4.13E-11 0.139
34.6875 4.13E-11 0.138
34.6875 4.13E-11 0.138
34.6875 4.13E-11 0.138
34.6875 4.13E-11 0.138
34.6875 4.13E-11 0.138
34.6875 4.13E-11 0.138
34.6875 4.13E-11 0.138
34.6875 4.13E-11 0.138
34.6875 4.13E-11 0.138
34.6875 4.13E-11 0.137
34.6875 4.13E-11 0.137
34.6875 4.13E-11 0.137
34.6875 4.13E-11 0.137
34.6875 4.13E-11 0.137
34.6875 4.13E-11 0.137
34.875 4.13E-11 0.137
34.875 4.14E-11 0.137
34.875 4.14E-11 0.137
34.875 4.14E-11 0.136
34.875 4.14E-11 0.136
34.875 4.14E-11 0.136
34.875 4.14E-11 0.136
34.875 4.14E-11 0.136
35 4.14E-11 0.136
35 4.14E-11 0.136
35 4.14E-11 0.136
35 4.14E-11 0.136
35 4.14E-11 0.136
35 4.14E-11 0.136
35 4.14E-11 0.136
35 4.14E-11 0.135
35.1875 4.14E-11 0.135
35.1875 4.14E-11 0.135
35.1875 4.14E-11 0.135
35.1875 4.14E-11 0.135
35.1875 4.15E-11 0.135
35.1875 4.15E-11 0.135
35.1875 4.15E-11 0.135
35.1875 4.15E-11 0.135
35.1875 4.15E-11 0.135
35.25 4.15E-11 0.134
35.25 4.15E-11 0.134
35.25 4.15E-11 0.134
35.25 4.15E-11 0.134
35.25 4.15E-11 0.134
35.25 4.15E-11 0.134
35.25 4.15E-11 0.134
35.25 4.15E-11 0.134
35.25 4.15E-11 0.134
35.5 4.15E-11 0.134
35.5 4.15E-11 0.134
35.5 4.15E-11 0.134
35.5 4.15E-11 0.133
35.5 4.15E-11 0.133
35.5 4.16E-11 0.133
35.5 4.16E-11 0.133
35.5 4.16E-11 0.133
35.5 4.16E-11 0.133
35.5 5.16E-11 0.133
35.5 5.16E-11 0.615
35.5 5.16E-11 0.615
35.5 5.16E-11 0.615
35.5 5.16E-11 0.615
35.5 5.14E-11 0.619
35.5 5.14E-11 0.619
35.5 5.14E-11 0.617
35.5 5.14E-11 0.617
35.6875 5.09E-11 0.626
35.6875 5.1E-11 0.624
35.6875 5.1E-11 0.624
35.6875 5.1E-11 0.621
35.6875 5.11E-11 0.619
35.6875 5.12E-11 0.618
35.6875 5.12E-11 0.618
35.6875 5.12E-11 0.618
35.75 5.13E-11 0.617
35.75 5.14E-11 0.616
35.75 5.14E-11 0.616
35.75 5.14E-11 0.615
35.75 5.15E-11 0.613
35.75 5.15E-11 0.613
35.75 5.15E-11 0.613
35.75 5.16E-11 0.612
35.9375 5.16E-11 0.611
35.9375 5.16E-11 0.611
35.9375 5.17E-11 0.611
35.9375 5.17E-11 0.61
35.9375 5.17E-11 0.609
35.9375 5.17E-11 0.609
35.9375 5.18E-11 0.608
35.9375 5.18E-11 0.607
35.9375 5.18E-11 0.607
36.125 5.19E-11 0.606
36.125 5.19E-11 0.606
36.1875 5.2E-11 0.604
36.1875 5.2E-11 0.604
36.1875 5.2E-11 0.604
36.1875 5.2E-11 0.603
36.1875 5.21E-11 0.602
36.1875 5.21E-11 0.602
36.25 5.21E-11 0.601
36.25 5.22E-11 0.6
36.25 5.22E-11 0.6
36.25 5.22E-11 0.599
36.25 5.22E-11 0.599
36.25 5.23E-11 0.598
36.25 5.23E-11 0.598
36.25 5.23E-11 0.598
36.3125 5.23E-11 0.597
36.3125 5.23E-11 0.597
36.3125 5.24E-11 0.596
36.3125 5.24E-11 0.595
36.3125 5.25E-11 0.594
36.3125 5.25E-11 0.594
36.3125 5.25E-11 0.594
36.3125 5.25E-11 0.593
36.5 5.26E-11 0.592
36.5 5.26E-11 0.592
36.5 5.26E-11 0.591
36.5 5.27E-11 0.59
36.5 5.27E-11 0.59
36.5 5.27E-11 0.589
36.5 5.27E-11 0.589
36.5 5.28E-11 0.588
36.5 5.28E-11 0.588
36.5625 5.28E-11 0.587
36.5625 5.29E-11 0.586
36.625 5.29E-11 0.585
36.625 5.29E-11 0.585
36.625 5.3E-11 0.584
36.6875 5.3E-11 0.584
36.6875 5.3E-11 0.584
36.6875 5.3E-11 0.583
36.75 5.31E-11 0.582
36.75 5.31E-11 0.581
36.75 5.31E-11 0.581
36.75 5.32E-11 0.58
36.75 5.32E-11 0.579
36.75 5.32E-11 0.578
36.75 5.32E-11 0.578
36.75 5.33E-11 0.577
36.75 5.33E-11 0.576
36.75 5.33E-11 0.576
36.75 5.34E-11 0.576
36.75 5.34E-11 0.574
36.75 5.34E-11 0.574
36.75 5.34E-11 0.574
36.75 5.35E-11 0.573
36.75 5.35E-11 0.572
36.9375 5.36E-11 0.571
36.9375 5.36E-11 0.571
36.9375 5.36E-11 0.57
36.9375 5.37E-11 0.569
36.9375 5.37E-11 0.569
36.9375 5.37E-11 0.568
36.9375 5.37E-11 0.567
36.9375 5.38E-11 0.566
36.9375 5.38E-11 0.566
37.1875 5.38E-11 0.565
37.1875 5.39E-11 0.564
37.1875 5.39E-11 0.564
37.1875 5.39E-11 0.564
37.1875 5.4E-11 0.563
37.1875 5.4E-11 0.562
37.1875 5.4E-11 0.562
37.1875 5.4E-11 0.561
37.3125 5.41E-11 0.56
37.3125 5.41E-11 0.559
37.3125 5.41E-11 0.559
37.3125 5.42E-11 0.558
37.3125 5.42E-11 0.558
37.3125 5.42E-11 0.558
37.3125 5.43E-11 0.557
37.3125 5.43E-11 0.556
37.5 5.44E-11 0.555
37.5 5.44E-11 0.555
37.5 5.44E-11 0.554
37.5 5.45E-11 0.554
37.5 5.45E-11 0.553
37.5 5.45E-11 0.553
37.5 5.46E-11 0.552
37.5 5.46E-11 0.551
37.5 5.46E-11 0.551
37.5625 5.46E-11 0.55
37.5625 5.47E-11 0.55
37.5625 5.47E-11 0.549
37.5625 5.47E-11 0.549
37.5625 5.48E-11 0.548
37.5625 5.48E-11 0.547
37.5625 5.49E-11 0.547
37.5625 5.49E-11 0.547
37.75 5.5E-11 0.546
37.75 5.5E-11 0.545
37.75 5.5E-11 0.545
37.75 5.51E-11 0.544
37.75 5.51E-11 0.543
37.75 5.52E-11 0.542
37.75 5.52E-11 0.542
37.75 5.52E-11 0.542
37.75 5.53E-11 0.541
37.75 5.53E-11 0.539
37.75 5.53E-11 0.539
37.75 5.54E-11 0.539
37.75 5.54E-11 0.538
37.75 5.54E-11 0.538
37.75 5.55E-11 0.537
37.75 5.55E-11 0.536
38 5.56E-11 0.535
38 5.56E-11 0.535
38 5.56E-11 0.535
38 5.57E-11 0.534
38 5.58E-11 0.533
38 5.58E-11 0.533
38 5.58E-11 0.532
38 5.59E-11 0.531
38 5.59E-11 0.531
38 5.59E-11 0.531
38 5.6E-11 0.53
38 5.6E-11 0.529
38 5.6E-11 0.529
38 5.61E-11 0.528
38 5.62E-11 0.527
38 5.62E-11 0.527
38 5.62E-11 0.527
38.1875 5.63E-11 0.526
38.1875 5.63E-11 0.525
38.1875 5.63E-11 0.525
38.1875 5.64E-11 0.524
38.1875 5.65E-11 0.524
38.1875 5.65E-11 0.523
38.1875 5.65E-11 0.523
38.1875 5.66E-11 0.522
38.3125 5.66E-11 0.521
38.3125 5.66E-11 0.521
38.3125 5.67E-11 0.52
38.3125 5.68E-11 0.52
38.3125 5.68E-11 0.519
38.3125 5.68E-11 0.519
38.3125 5.69E-11 0.518
38.3125 5.7E-11 0.517
38.5 5.7E-11 0.517
38.5 5.7E-11 0.517
38.5 5.71E-11 0.516
38.5 5.72E-11 0.515
38.5 5.72E-11 0.515
38.5 5.72E-11 0.514
38.5 5.73E-11 0.514
38.5 5.74E-11 0.513
38.5 5.74E-11 0.513
38.5625 5.74E-11 0.512
38.5625 6.74E-11 0.511
38.5625 6.75E-11 0.416
38.5625 6.75E-11 0.416
38.5625 6.76E-11 0.422
38.5625 6.77E-11 0.423
38.5625 6.77E-11 0.423
38.5625 6.78E-11 0.423
38.75 6.79E-11 0.423
38.75 6.8E-11 0.423
38.75 6.8E-11 0.423
38.75 6.82E-11 0.423
38.75 6.83E-11 0.423
38.75 6.84E-11 0.422
38.75 6.84E-11 0.422
38.75 6.85E-11 0.423
38.9375 6.86E-11 0.422
38.9375 6.86E-11 0.422
38.9375 6.87E-11 0.422
38.9375 6.89E-11 0.422
38.9375 6.9E-11 0.421
38.9375 6.9E-11 0.421
38.9375 6.91E-11 0.421
38.9375 6.93E-11 0.42
39 6.94E-11 0.42
39 6.94E-11 0.42
39 6.95E-11 0.419
39 6.97E-11 0.418
39 6.97E-11 0.418
39 6.98E-11 0.418
39 6.99E-11 0.417
39 7.01E-11 0.417
39 7.01E-11 0.417
39.125 7.02E-11 0.416
39.125 7.03E-11 0.415
39.125 7.05E-11 0.415
39.125 7.05E-11 0.415
39.125 7.06E-11 0.414
39.125 7.07E-11 0.414
39.125 7.07E-11 0.414
39.125 7.09E-11 0.413
39.25 7.1E-11 0.413
39.25 7.12E-11 0.412
39.25 7.12E-11 0.412
39.25 7.13E-11 0.412
39.25 7.15E-11 0.411
39.25 7.16E-11 0.411
39.25 7.16E-11 0.411
39.25 7.18E-11 0.411
39.4375 7.19E-11 0.411
39.4375 7.19E-11 0.411
39.4375 7.21E-11 0.41
39.5 7.22E-11 0.41
39.5 7.24E-11 0.41
39.5 7.24E-11 0.41
39.5 7.26E-11 0.41
39.5 7.27E-11 0.409
39.5 7.29E-11 0.408
39.5 7.29E-11 0.408
39.5 7.3E-11 0.407
39.5 7.32E-11 0.406
39.5 7.32E-11 0.406
39.5 7.34E-11 0.405
39.5 7.35E-11 0.404
39.5 7.37E-11 0.403
39.5 7.37E-11 0.403
39.6875 7.39E-11 0.403
39.6875 7.4E-11 0.402
39.6875 7.42E-11 0.4
39.6875 7.42E-11 0.4
39.6875 7.44E-11 0.4
39.6875 7.45E-11 0.399
39.6875 7.45E-11 0.399
39.6875 7.47E-11 0.398
39.875 7.49E-11 0.397
39.875 7.51E-11 0.396
39.875 7.51E-11 0.396
39.875 8.51E-11 0.395
39.875 8.54E-11 0.348
39.875 8.56E-11 0.348
39.875 8.56E-11 0.348
39.875 8.58E-11 0.348
40 8.61E-11 0.347
40 8.63E-11 0.346
40 8.63E-11 0.346
40 8.66E-11 0.345
40 8.68E-11 0.344
40 8.68E-11 0.344
40 8.7E-11 0.343
40 8.72E-11 0.342
40.0625 8.75E-11 0.341
40.0625 8.75E-11 0.341
40.0625 8.77E-11 0.341
40.0625 8.8E-11 0.34
40.0625 8.8E-11 0.34
40.0625 8.82E-11 0.339
40.0625 8.85E-11 0.338
40.0625 8.87E-11 0.337
40.0625 8.87E-11 0.337
40.25 8.9E-11 0.336
40.25 8.93E-11 0.335
40.25 8.95E-11 0.334
40.25 8.95E-11 0.334
40.25 8.98E-11 0.333
40.25 9.01E-11 0.332
40.25 9.04E-11 0.331
40.25 9.04E-11 0.331
40.4375 9.06E-11 0.33
40.4375 9.09E-11 0.33
40.4375 9.09E-11 0.33
40.4375 9.12E-11 0.329
40.4375 9.15E-11 0.328
40.4375 9.18E-11 0.327
40.4375 9.18E-11 0.327
40.4375 9.21E-11 0.327
40.5 9.24E-11 0.326
40.5 9.27E-11 0.325
40.5 9.27E-11 0.325
40.5 1.026E-10 0.324
40.5 1.029E-10 0.299
40.5 1.029E-10 0.299
40.5 1.033E-10 0.298
40.5 1.037E-10 0.297
40.6875 1.041E-10 0.297
40.6875 1.041E-10 0.297
40.6875 1.045E-10 0.296
40.6875 1.048E-10 0.295
40.6875 1.052E-10 0.294
40.6875 1.052E-10 0.294
40.6875 1.056E-10 0.293
40.6875 1.06E-10 0.293
40.6875 1.06E-10 0.293
40.75 1.064E-10 0.292
40.75 1.069E-10 0.292
40.75 1.073E-10 0.291
40.75 1.073E-10 0.291
40.75 1.077E-10 0.291
40.75 1.081E-10 0.29
40.75 1.086E-10 0.29
40.75 1.086E-10 0.29
41 1.091E-10 0.289
41 1.095E-10 0.289
41 1.1E-10 0.288
41 1.1E-10 0.288
41 1.105E-10 0.287
41 1.209E-10 0.287
41 1.209E-10 0.287
41 1.214E-10 0.276
41.0625 1.219E-10 0.276
41.0625 1.225E-10 0.275
41.0625 1.225E-10 0.275
41.0625 1.231E-10 0.275
41.0625 1.237E-10 0.274
41.0625 1.243E-10 0.273
41.0625 1.243E-10 0.273
41.0625 1.25E-10 0.273
41.1875 1.256E-10 0.273
41.1875 1.256E-10 0.273
41.1875 1.263E-10 0.273
41.1875 1.269E-10 0.273
41.1875 1.276E-10 0.273
41.1875 1.276E-10 0.273
41.1875 1.283E-10 0.273
41.1875 1.383E-10 0.272
41.25 1.391E-10 0.27
41.25 1.391E-10 0.27
41.25 1.4E-10 0.269
41.25 1.409E-10 0.269
41.25 1.409E-10 0.269
41.25 1.418E-10 0.268
41.25 1.427E-10 0.268
41.25 1.437E-10 0.268
41.25 1.437E-10 0.268
41.5 1.447E-10 0.268
41.5 1.457E-10 0.267
41.5 1.56E-10 0.266
41.5 1.56E-10 0.266
41.5 1.572E-10 0.263
41.5 1.584E-10 0.261
41.5 1.584E-10 0.261
41.5 1.596E-10 0.26
41.5625 1.608E-10 0.259
41.5625 1.62E-10 0.258
41.5625 1.62E-10 0.258
41.5625 1.633E-10 0.257
41.5625 1.741E-10 0.257
41.5625 1.756E-10 0.254
41.5625 1.756E-10 0.254
41.5625 1.774E-10 0.254
41.75 1.792E-10 0.254
41.75 1.892E-10 0.253
41.75 1.892E-10 0.253
41.75 1.908E-10 0.252
41.75 1.928E-10 0.252
41.75 1.928E-10 0.252
41.75 1.949E-10 0.251
41.75 2.051E-10 0.251
41.875 2.069E-10 0.25
41.875 2.069E-10 0.25
41.875 2.093E-10 0.251
41.875 2.117E-10 0.251
41.875 2.247E-10 0.251
41.875 2.247E-10 0.251
41.875 2.272E-10 0.252
41.875 2.302E-10 0.252
41.875 2.302E-10 0.252
42 2.429E-10 0.252
42 2.474E-10 0.26
42 2.586E-10 0.259
42 2.586E-10 0.259
42 2.623E-10 0.261
42 2.748E-10 0.261
42 2.789E-10 0.267
42 2.789E-10 0.267
42.125 2.915E-10 0.267
42.125 3.021E-10 0.275
42.125 3.125E-10 0.276
42.125 3.258E-10 0.293
42.125 3.36E-10 0.292
42.125 3.476E-10 0.303
42.25 3.673E-10 0.334
42.25 3.673E-10 0.334
42.25 3.82E-10 0.351
42.25 4.068E-10 0.434
42.25 4.368E-10 0.466
42.25 4.602E-10 0.478
42.25 4.911E-10 0.494
42.4375 5.203E-10 0.502
42.4375 5.646E-10 0.534
42.4375 6.181E-10 0.615
42.4375 6.991E-10 0.614
42.4375 6.991E-10 0.614
42.4375 7.537E-10 0.618
42.4375 8.1E-10 0.625
42.5 8.739E-10 0.639
42.5 9.606E-10 0.657
42.5 1.0554E-09 0.664
42.5 1.1705E-09 0.671
42.5 1.3104E-09 0.67
42.5 1.4811E-09 0.662
42.5 1.4811E-09 0.662
42.5 1.6881E-09 0.631
42.5 2E-08 0
42.5 2.484E-09 0.519
42.5 2.484E-09 0.519
42.5 2.891E-09 0.443
42.5 3.304E-09 0.371
42.6875 3.582E-09 0.305
42.6875 3.789E-09 0.272
42.6875 4.139E-09 0.266
42.6875 4.61E-09 0.258
42.6875 5.058E-09 0.26
42.6875 5.081E-09 0.263
42.75 4.734E-09 0.26
42.75 4.734E-09 0.26
42.75 4.128E-09 0.234
42.75 3.504E-09 0.216
42.75 3.048E-09 0.207
42.75 2.698E-09 0.196
42.75 2.375E-09 0.186
42.9375 2.122E-09 0.177
42.9375 1.921E-09 0.17
42.9375 1.776E-09 0.165
42.9375 1.653E-09 0.158
42.9375 1.533E-10 0
42.9375 1.4672E-09 0.149
43 1.3718E-09 0.143
43 1.3718E-09 0.143
43 1.2947E-09 0.14
43 1.2322E-09 0.135
43 1.1672E-09 0.131
43 1.1053E-09 0.127
43 1.0511E-09 0.123
43.0625 1.0086E-09 0.121
43.0625 9.7E-10 0.118
43.0625 9.289E-10 0.114
43.0625 8.909E-10 0.111
43.0625 8.909E-10 0.111
43.0625 8.566E-10 0.108
43.0625 8.292E-10 0.107
43.25 8.03E-10 0.104
43.25 7.75E-10 0.101
43.25 7.489E-10 0.099
43.25 7.252E-10 0.097
43.25 7.061E-10 0.095
43.25 6.867E-10 0.093
43.25 6.867E-10 0.093
43.25 6.663E-10 0.091
43.25 6.472E-10 0.089
43.25 6.299E-10 0.088
43.25 6.164E-10 0.087
43.25 6.01E-10 0.085
43.25 5.855E-10 0.083
43.5 5.709E-10 0.082
43.5 5.581E-10 0.08
43.5 5.476E-10 0.079
43.5 5.476E-10 0.079
43.5 5.357E-10 0.078
43.5 5.237E-10 0.077
43.5 5.12E-10 0.075
43.5 5.021E-10 0.074
43.5 4.978E-10 0.073
43.5625 4.838E-10 0.073
43.5625 4.79E-10 0.071
43.5 4.647E-10 0.071
43.5 4.647E-10 0.071
43.5 4.609E-10 0.069
43.625 4.499E-10 0.069
43.625 4.456E-10 0.068
43.625 4.332E-10 0.067
43.625 4.295E-10 0.066
43.625 4.196E-10 0.065
43.625 4.166E-10 0.065
43.625 4.166E-10 0.065
43.875 4.008E-10 0.038
43.875 3.973E-10 0.034
43.875 3.973E-10 0.034
43.875 3.942E-10 0.037
43.875 3.824E-10 0.039
43.875 3.791E-10 0.049
43.875 3.791E-10 0.049
43.875 3.692E-10 0.05
43.875 3.666E-10 0.055
43.875 3.639E-10 0.055
43.875 3.639E-10 0.055
43.875 3.527E-10 0.057
43.875 3.497E-10 0.06
43.875 3.497E-10 0.06
43.875 3.47E-10 0.06
43.875 3.368E-10 0.06
44 3.339E-10 0.06
44 3.339E-10 0.06
44 3.311E-10 0.058
44.0625 3.286E-10 0.058
44.0625 3.167E-10 0.057
44.0625 3.167E-10 0.057
44.125 3.142E-10 0.056
44.125 3.118E-10 0.055
44.125 3.118E-10 0.055
44.125 3.096E-10 0.054
44.125 2.99E-10 0.054
44.125 2.967E-10 0.051
44.125 2.967E-10 0.051
44.125 2.946E-10 0.051
44.25 2.926E-10 0.051
44.25 2.907E-10 0.051
44.25 2.907E-10 0.051
44.25 2.791E-10 0.05
44.25 2.773E-10 0.049
44.25 2.773E-10 0.049
44.25 2.757E-10 0.05
44.25 2.741E-10 0.05
44.5 2.723E-10 0.049
44.5 2.723E-10 0.049
44.5 2.62E-10 0.049
44.5 2.606E-10 0.046
44.5 2.59E-10 0.045
44.5 2.59E-10 0.045
44.5 2.574E-10 0.045
44.5 2.558E-10 0.044
44.5 2.558E-10 0.044
44.5 2.544E-10 0.044
44.5 2.443E-10 0.044
44.5 2.428E-10 0.045
44.5 2.428E-10 0.045
44.5 2.414E-10 0.045
44.5625 2.401E-10 0.044
44.5625 2.388E-10 0.044
44.5625 2.388E-10 0.044
44.75 2.375E-10 0.044
44.75 2.362E-10 0.044
44.75 2.263E-10 0.043
44.75 2.263E-10 0.043
44.75 2.251E-10 0.043
44.75 2.238E-10 0.042
44.75 2.238E-10 0.042
44.75 2.226E-10 0.041
44.875 2.214E-10 0.041
44.875 2.203E-10 0.041
44.875 2.203E-10 0.041
44.875 2.192E-10 0.041
44.875 2.181E-10 0.041
44.875 2.171E-10 0.041
44.875 2.171E-10 0.041
44.875 2.066E-10 0.041
45 2.055E-10 0.038
45 2.055E-10 0.038
45 2.045E-10 0.038
45 2.036E-10 0.039
45 2.027E-10 0.038
45 2.027E-10 0.038
45 2.017E-10 0.038
45 2.008E-10 0.038
45.1875 1.999E-10 0.038
45.1875 1.999E-10 0.038
45.1875 1.99E-10 0.038
45.1875 1.981E-10 0.038
45.1875 1.981E-10 0.038
45.1875 1.973E-10 0.037
45.25 1.872E-10 0.037
45.25 1.863E-10 0.036
45.25 1.863E-10 0.036
45.25 1.854E-10 0.035
45.25 1.847E-10 0.035
45.25 1.839E-10 0.036
45.25 1.839E-10 0.036
45.25 1.832E-10 0.035
45.5 1.824E-10 0.035
45.5 1.824E-10 0.035
45.5 1.817E-10 0.035
45.5 1.809E-10 0.035
45.5 1.802E-10 0.035
45.5 1.802E-10 0.035
45.5 1.795E-10 0.035
45.5 1.788E-10 0.035
45.5 1.781E-10 0.035
45.5 1.781E-10 0.035
45.5 1.774E-10 0.035
45.5 1.67E-10 0.034
45.5 1.67E-10 0.034
45.5 1.665E-10 0.034
45.5 1.659E-10 0.033
45.5 1.653E-10 0.033
45.5 1.653E-10 0.033
45.625 1.646E-10 0.032
45.625 1.641E-10 0.033
45.625 1.635E-10 0.033
45.625 1.635E-10 0.033
45.625 1.629E-10 0.032
45.625 1.623E-10 0.032
45.625 1.623E-10 0.032
45.625 1.617E-10 0.032
45.8125 1.611E-10 0.032
45.8125 1.606E-10 0.032
45.8125 1.606E-10 0.032
45.8125 1.6E-10 0.032
45.8125 1.594E-10 0.032
45.8125 1.589E-10 0.032
45.8125 1.589E-10 0.032
45.8125 1.583E-10 0.031
45.9375 1.578E-10 0.031
45.9375 1.578E-10 0.031
45.9375 1.573E-10 0.031
45.9375 1.47E-10 0.031
45.9375 1.466E-10 0.031
45.9375 1.466E-10 0.031
45.9375 1.462E-10 0.032
45.9375 1.458E-10 0.03
46 1.453E-10 0.03
46 1.453E-10 0.03
46 1.448E-10 0.03
46 1.444E-10 0.03
46 1.439E-10 0.03
46 1.439E-10 0.03
46 1.435E-10 0.03
46 1.43E-10 0.03
46 1.43E-10 0.03
46.25 1.426E-10 0.03
46.25 1.421E-10 0.029
46.25 1.417E-10 0.029
46.25 1.417E-10 0.029
46.25 1.413E-10 0.029
46.25 1.408E-10 0.029
46.25 1.404E-10 0.029
46.25 1.404E-10 0.029
46.375 1.4E-10 0.029
46.375 1.396E-10 0.029
46.375 1.396E-10 0.029
46.375 1.392E-10 0.029
46.375 1.387E-10 0.029
46.375 1.383E-10 0.029
46.375 1.383E-10 0.029
46.375 1.379E-10 0.028
46.5 1.375E-10 0.029
46.5 1.371E-10 0.028
46.5 1.371E-10 0.028
46.5 1.367E-10 0.028
46.5 1.264E-10 0.028
46.5 1.264E-10 0.028
46.5 1.262E-10 0.033
46.5 1.258E-10 0.029
46.6875 1.254E-10 0.027
46.6875 1.254E-10 0.027
46.6875 1.251E-10 0.027
46.6875 1.247E-10 0.027
46.6875 1.244E-10 0.028
46.6875 1.244E-10 0.028
46.6875 1.241E-10 0.028
46.6875 1.237E-10 0.028
46.6875 1.237E-10 0.028
46.75 1.234E-10 0.028
46.75 1.231E-10 0.028
46.75 1.227E-10 0.028
46.75 1.227E-10 0.028
46.75 1.224E-10 0.028
46.75 1.22E-10 0.027
46.75 1.217E-10 0.026
46.75 1.217E-10 0.026
47 1.213E-10 0.026
47 1.21E-10 0.026
47 1.207E-10 0.026
47 1.207E-10 0.026
47 1.203E-10 0.026
47 1.2E-10 0.026
47 1.2E-10 0.026
47 1.197E-10 0.026
47.0625 1.194E-10 0.026
47.0625 1.191E-10 0.026
47.0625 1.191E-10 0.026
47.0625 1.187E-10 0.026
47.0625 1.184E-10 0.026
47.0625 1.181E-10 0.026
47.0625 1.181E-10 0.026
47.0625 1.178E-10 0.026
47.25 1.175E-10 0.026
47.25 1.175E-10 0.026
47.25 1.172E-10 0.026
47.25 1.169E-10 0.026
47.25 1.166E-10 0.025
47.25 1.166E-10 0.025
47.25 1.163E-10 0.025
47.25 1.16E-10 0.025
47.4375 1.06E-10 0.025
47.4375 1.06E-10 0.025
47.4375 1.057E-10 0.028
47.4375 1.055E-10 0.028
47.4375 1.055E-10 0.028
47.4375 1.053E-10 0.028
47.4375 1.05E-10 0.029
47.4375 1.048E-10 0.029
47.4375 1.048E-10 0.029
47.5625 1.045E-10 0.029
47.5625 1.043E-10 0.028
47.5625 1.04E-10 0.027
47.5625 1.04E-10 0.027
47.5625 1.038E-10 0.026
47.5625 1.035E-10 0.025
47.5625 1.035E-10 0.025
47.5625 1.032E-10 0.024
47.6875 1.03E-10 0.023
47.6875 1.027E-10 0.022
47.6875 1.027E-10 0.022
47.6875 1.025E-10 0.023
47.6875 1.023E-10 0.023
47.6875 1.02E-10 0.023
47.6875 1.02E-10 0.023
47.6875 1.018E-10 0.023
47.8125 1.016E-10 0.023
47.8125 1.016E-10 0.023
47.8125 1.013E-10 0.023
47.8125 1.011E-10 0.022
47.8125 1.009E-10 0.022
47.8125 1.009E-10 0.022
47.8125 1.007E-10 0.022
47.8125 1.004E-10 0.021
48 1.002E-10 0.021
48 1.002E-10 0.021
48 1E-10 0.021
48 9.98E-11 0.02
48 9.98E-11 0.02
48 9.96E-11 0.02
48 9.94E-11 0.02
48 9.92E-11 0.02
48 9.92E-11 0.02
48.0625 9.9E-11 0.02
48.0625 9.88E-11 0.019
48.0625 9.86E-11 0.019
48.0625 9.86E-11 0.019
48.0625 9.84E-11 0.019
48.0625 9.82E-11 0.019
48.0625 9.82E-11 0.019
48.0625 9.8E-11 0.019
48.1875 9.78E-11 0.019
48.1875 9.76E-11 0.019
48.1875 9.76E-11 0.019
48.1875 9.74E-11 0.019
48.1875 9.72E-11 0.019
48.1875 9.7E-11 0.019
48.1875 9.7E-11 0.019
48.1875 9.68E-11 0.019
48.25 9.66E-11 0.019
48.25 9.66E-11 0.019
48.25 9.64E-11 0.019
48.25 9.63E-11 0.019
48.25 9.61E-11 0.019
48.25 9.61E-11 0.019
48.25 9.59E-11 0.019
48.25 9.57E-11 0.019
48.5 9.55E-11 0.019
48.5 9.55E-11 0.019
48.5 9.54E-11 0.019
48.5 9.52E-11 0.019
48.5 9.52E-11 0.019
48.5 9.5E-11 0.019
48.5 9.48E-11 0.019
48.5 9.46E-11 0.019
48.5 9.46E-11 0.019
48.5 9.45E-11 0.019
48.5 9.43E-11 0.019
48.5 9.41E-11 0.019
48.5 9.41E-11 0.019
48.5 8.42E-11 0.019
48.5 8.4E-11 0.027
48.5 8.4E-11 0.027
48.5 8.38E-11 0.017
48.625 8.37E-11 0.019
48.625 8.35E-11 0.017
48.625 8.35E-11 0.017
48.625 8.34E-11 0.018
48.625 8.32E-11 0.019
48.625 8.31E-11 0.019
48.625 8.31E-11 0.019
48.625 8.29E-11 0.019
48.875 8.27E-11 0.018
48.875 8.26E-11 0.018
48.875 8.26E-11 0.018
48.875 8.25E-11 0.018
48.875 8.23E-11 0.018
48.875 8.23E-11 0.018
48.875 8.22E-11 0.018
48.875 8.2E-11 0.018
49 8.19E-11 0.018
49 8.19E-11 0.018
49 8.17E-11 0.018
49 8.16E-11 0.018
49 8.15E-11 0.018
49 8.15E-11 0.018
49 8.13E-11 0.018
49 8.12E-11 0.018
49 8.12E-11 0.018
49.125 8.1E-11 0.018
49.125 8.09E-11 0.018
49.125 8.08E-11 0.018
49.125 8.08E-11 0.018
49.125 8.06E-11 0.018
49.125 8.05E-11 0.018
49.125 8.04E-11 0.017
49.125 8.04E-11 0.017
49.25 8.02E-11 0.018
49.25 8.01E-11 0.018
49.25 8.01E-11 0.018
49.25 8E-11 0.017
49.25 7.98E-11 0.018
49.25 7.97E-11 0.017
49.25 7.97E-11 0.017
49.25 7.96E-11 0.017
49.375 7.94E-11 0.017
49.375 7.93E-11 0.017
49.375 7.93E-11 0.017
49.375 7.92E-11 0.017
49.375 7.9E-11 0.017
49.375 7.9E-11 0.017
49.375 7.89E-11 0.017
49.375 7.88E-11 0.017
49.5625 7.87E-11 0.017
49.5625 7.87E-11 0.017
49.5625 7.85E-11 0.017
49.5625 7.84E-11 0.017
49.5625 7.83E-11 0.017
49.5625 7.83E-11 0.017
49.5625 7.82E-11 0.017
49.5625 7.8E-11 0.017
49.5625 7.8E-11 0.017
49.75 7.79E-11 0.017
49.75 7.78E-11 0.017
49.75 7.77E-11 0.017
49.75 7.77E-11 0.017
49.75 7.75E-11 0.017
49.75 7.74E-11 0.017
49.75 7.73E-11 0.017
49.75 7.73E-11 0.017
49.875 7.72E-11 0.017
49.875 7.71E-11 0.017
49.875 7.71E-11 0.017
49.875 7.69E-11 0.017
49.875 7.68E-11 0.017
49.875 7.67E-11 0.017
49.875 7.67E-11 0.017
49.875 7.66E-11 0.017
50 7.65E-11 0.017
50 7.63E-11 0.017
50 7.63E-11 0.017
50 7.62E-11 0.017
50 7.61E-11 0.017
50 7.61E-11 0.017
50 7.6E-11 0.017
50 7.59E-11 0.017
50.0625 7.58E-11 0.017
50.0625 7.58E-11 0.017
50.0625 7.57E-11 0.017
50.0625 7.55E-11 0.017
50.0625 7.54E-11 0.017
50.0625 7.54E-11 0.017
50.0625 7.53E-11 0.017
50.0625 7.52E-11 0.017
50.0625 7.52E-11 0.017
50.25 7.51E-11 0.017
50.25 7.5E-11 0.016
50.25 7.49E-11 0.017
50.25 7.49E-11 0.017
50.25 7.48E-11 0.017
50.25 7.46E-11 0.017
50.25 7.46E-11 0.017
50.25 7.45E-11 0.017
50.375 7.44E-11 0.017
50.375 7.43E-11 0.017
50.375 7.43E-11 0.017
50.375 7.42E-11 0.016
50.375 7.41E-11 0.017
50.375 7.4E-11 0.017
50.375 7.4E-11 0.017
50.375 7.39E-11 0.017
50.5 7.38E-11 0.017
50.5 7.38E-11 0.017
50.5 7.37E-11 0.017
50.5 7.36E-11 0.017
50.5 7.35E-11 0.017
50.5 7.35E-11 0.017
50.5 7.34E-11 0.017
50.5 7.33E-11 0.017
50.6875 7.32E-11 0.016
50.6875 7.32E-11 0.016
50.6875 7.3E-11 0.016
50.6875 7.29E-11 0.016
50.6875 7.29E-11 0.016
50.6875 7.28E-11 0.017
50.6875 7.27E-11 0.017
50.6875 7.26E-11 0.016
50.6875 7.26E-11 0.016
50.8125 7.25E-11 0.016
50.8125 7.24E-11 0.016
50.8125 7.24E-11 0.016
50.875 7.23E-11 0.016
50.875 7.22E-11 0.016
50.8125 7.21E-11 0.016
50.8125 7.21E-11 0.016
50.8125 7.2E-11 0.016
51 7.19E-11 0.016
51 7.18E-11 0.016
51 7.18E-11 0.016
51 7.17E-11 0.016
51 6.17E-11 0.016
51 6.17E-11 0.016
51 6.16E-11 0.014
51 6.16E-11 0.015
51.0625 6.15E-11 0.018
51.0625 6.15E-11 0.018
51.0625 6.14E-11 0.016
51.0625 6.14E-11 0.016
51.0625 6.13E-11 0.016
51.0625 6.13E-11 0.016
51.0625 6.12E-11 0.016
51.0625 6.11E-11 0.017
51.0625 6.11E-11 0.017
51.25 6.11E-11 0.016
51.25 6.1E-11 0.016
51.25 6.09E-11 0.016
51.25 6.09E-11 0.016
51.25 6.08E-11 0.016
51.25 6.08E-11 0.015
51.25 6.07E-11 0.016
51.25 6.07E-11 0.016
51.4375 6.06E-11 0.016
51.4375 6.06E-11 0.015
51.4375 6.06E-11 0.015
51.4375 6.05E-11 0.016
51.4375 6.04E-11 0.015
51.4375 6.03E-11 0.015
51.4375 6.03E-11 0.015
51.4375 6.03E-11 0.015
51.5 6.02E-11 0.015
51.5 6.01E-11 0.015
51.5 6.01E-11 0.015
51.5 6.01E-11 0.015
51.5 6E-11 0.015
51.5 6E-11 0.015
51.5 5.99E-11 0.015
51.5 5.99E-11 0.015
51.5 5.98E-11 0.015
51.5 5.98E-11 0.015
51.5 5.97E-11 0.015
51.5 5.97E-11 0.015
51.5 5.97E-11 0.015
51.5 5.96E-11 0.015
51.5 5.95E-11 0.015
51.5 5.95E-11 0.015
51.5 5.95E-11 0.015
51.75 5.94E-11 0.014
51.75 5.93E-11 0.015
51.75 5.93E-11 0.015
51.75 5.93E-11 0.015
51.75 5.92E-11 0.015
51.75 5.91E-11 0.015
51.75 5.91E-11 0.015
51.75 5.91E-11 0.014
51.75 5.9E-11 0.015
51.75 5.89E-11 0.015
51.75 5.89E-11 0.015
51.8125 5.89E-11 0.015
51.8125 5.88E-11 0.015
51.75 5.87E-11 0.015
51.75 5.87E-11 0.015
51.75 5.87E-11 0.015
52 5.86E-11 0.014
52 5.86E-11 0.014
52 5.86E-11 0.015
52 5.85E-11 0.015
52 5.84E-11 0.014
52 5.84E-11 0.014
52 5.84E-11 0.014
52 5.83E-11 0.014
52 5.82E-11 0.014
52 5.82E-11 0.014
52 5.82E-11 0.014
52 5.81E-11 0.014
52 5.81E-11 0.014
52 5.8E-11 0.014
52 5.8E-11 0.014
52 5.79E-11 0.014
52 5.79E-11 0.014
52.25 5.79E-11 0.014
52.25 5.78E-11 0.014
52.25 5.78E-11 0.014
52.25 5.77E-11 0.014
52.25 5.77E-11 0.014
52.25 5.76E-11 0.014
52.25 5.76E-11 0.014
52.25 5.75E-11 0.014
52.4375 5.75E-11 0.014
52.4375 5.74E-11 0.014
52.4375 5.74E-11 0.014
52.4375 5.74E-11 0.014
52.4375 5.73E-11 0.014
52.4375 5.73E-11 0.014
52.4375 5.72E-11 0.014
52.4375 5.72E-11 0.014
52.4375 5.71E-11 0.014
52.4375 5.71E-11 0.014
52.4375 5.7E-11 0.014
52.4375 5.7E-11 0.014
52.4375 5.69E-11 0.014
52.4375 5.69E-11 0.014
52.4375 5.69E-11 0.014
52.4375 5.68E-11 0.014
52.4375 5.68E-11 0.014
52.6875 5.68E-11 0.014
52.6875 5.67E-11 0.014
52.6875 5.66E-11 0.014
52.6875 5.66E-11 0.014
52.6875 5.66E-11 0.014
52.6875 5.65E-11 0.014
52.6875 5.65E-11 0.014
52.6875 5.65E-11 0.014
52.75 5.64E-11 0.014
52.75 5.63E-11 0.014
52.75 5.63E-11 0.014
52.75 5.63E-11 0.014
52.75 5.62E-11 0.014
52.75 5.62E-11 0.014
52.75 5.62E-11 0.014
52.75 5.61E-11 0.014
52.875 5.6E-11 0.014
52.875 5.6E-11 0.014
52.875 5.6E-11 0.014
52.875 5.59E-11 0.014
52.875 5.59E-11 0.014
52.875 5.59E-11 0.014
52.875 5.58E-11 0.014
52.875 5.58E-11 0.013
53 5.57E-11 0.013
53 5.57E-11 0.013
53 5.56E-11 0.013
53 5.56E-11 0.012
53 5.55E-11 0.012
53 5.55E-11 0.012
53 5.55E-11 0.012
53.0625 5.54E-11 0.012
53.0625 5.54E-11 0.012
53.0625 5.54E-11 0.012
53.0625 5.53E-11 0.012
53.0625 5.52E-11 0.012
53.0625 5.52E-11 0.012
53.0625 5.52E-11 0.012
53.0625 5.51E-11 0.012
53.0625 5.51E-11 0.012
53.25 5.51E-11 0.012
53.25 5.5E-11 0.011
53.25 5.5E-11 0.011
53.25 5.5E-11 0.011
53.25 5.49E-11 0.011
53.25 5.49E-11 0.011
53.25 5.48E-11 0.011
53.25 5.48E-11 0.011
53.5 5.47E-11 0.011
53.5 5.47E-11 0.011
53.5 5.47E-11 0.011
53.5 5.46E-11 0.011
53.5 5.46E-11 0.011
53.5 5.45E-11 0.011
53.5 5.45E-11 0.011
53.5 5.45E-11 0.011
53.5625 5.44E-11 0.011
53.5625 5.44E-11 0.011
53.5625 5.44E-11 0.011
53.5625 5.43E-11 0.011
53.5625 5.43E-11 0.011
53.5625 5.43E-11 0.011
53.5625 5.42E-11 0.011
53.5625 5.42E-11 0.011
53.6875 5.41E-11 0.011
53.6875 5.41E-11 0.011
53.6875 5.4E-11 0.011
53.6875 5.4E-11 0.011
53.6875 5.39E-11 0.011
53.6875 5.39E-11 0.011
53.6875 5.39E-11 0.011
53.6875 5.38E-11 0.011
53.6875 5.38E-11 0.011
53.75 5.38E-11 0.011
53.75 5.37E-11 0.011
53.75 5.37E-11 0.011
53.75 5.37E-11 0.011
53.75 5.36E-11 0.011
53.75 5.36E-11 0.011
53.75 5.36E-11 0.011
53.75 5.35E-11 0.011
53.75 5.35E-11 0.011
54 5.35E-11 0.011
54 5.34E-11 0.011
54 5.34E-11 0.011
54 5.33E-11 0.011
54 5.33E-11 0.011
54 5.33E-11 0.011
54 5.32E-11 0.011
54 5.32E-11 0.011
54 5.32E-11 0.011
54.0625 5.31E-11 0
54.0625 5.31E-11 0.009
54.1875 5.3E-11 0
54.1875 5.3E-11 0
54.1875 5.3E-11 0.018
54.1875 5.29E-11 0.018
54.1875 5.29E-11 0.018
54.1875 5.29E-11 0.018
54.1875 5.28E-11 0.018
54.1875 5.28E-11 0.019
54.1875 5.28E-11 0.019
54.1875 5.27E-11 0.019
54.1875 5.27E-11 0.019
54.1875 5.26E-11 0.019
54.1875 5.26E-11 0.019
54.1875 5.26E-11 0.019
54.3125 5.25E-11 0.02
54.3125 5.24E-11 0.021
54.3125 5.24E-11 0.021
54.3125 5.24E-11 0.021
54.3125 5.23E-11 0.022
54.3125 5.23E-11 0.021
54.3125 5.22E-11 0.02
54.5625 5.22E-11 0.016
54.5625 5.22E-11 0.015
54.5625 5.22E-11 0.015
54.5625 5.21E-11 0.015
54.5625 5.21E-11 0.015
54.5625 5.2E-11 0.012
54.5625 5.2E-11 0.012
54.5625 5.2E-11 0.012
54.5625 5.19E-11 0.013
54.5625 5.19E-11 0.012
54.6875 5.18E-11 0.012
54.6875 5.18E-11 0.012
54.6875 5.18E-11 0.012
54.75 5.17E-11 0.012
54.75 5.17E-11 0.012
54.8125 5.16E-11 0.012
54.8125 5.16E-11 0.012
54.8125 5.16E-11 0.012
54.8125 5.15E-11 0.012
54.8125 5.15E-11 0.012
54.8125 5.14E-11 0.012
54.8125 5.14E-11 0.012
54.8125 5.14E-11 0.012
54.9375 5.13E-11 0.012
54.9375 5.13E-11 0.012
54.9375 5.13E-11 0.012
54.9375 5.12E-11 0.012
54.9375 5.12E-11 0.012
54.9375 5.12E-11 0.012
54.9375 5.11E-11 0.012
55 5.11E-11 0.012
55 5.1E-11 0.012
55 5.1E-11 0.012
55 5.1E-11 0.012
55 5.09E-11 0.012
55 5.09E-11 0.012
55 5.08E-11 0.012
55.125 5.08E-11 0.012
55.125 5.08E-11 0.012
55.125 5.08E-11 0.012
55.125 5.07E-11 0.012
55.125 5.07E-11 0.012
55.25 5.06E-11 0.012
55.25 5.06E-11 0.012
55.25 5.06E-11 0.012
55.25 5.05E-11 0.012
55.25 5.05E-11 0.012
55.25 5.05E-11 0.012
55.25 5.05E-11 0.012
55.25 5.04E-11 0.012
55.3125 5.04E-11 0.012
55.3125 5.03E-11 0.012
55.3125 5.03E-11 0.012
55.3125 5.03E-11 0.012
55.3125 5.02E-11 0.012
55.3125 5.02E-11 0.012
55.3125 5.02E-11 0.012
55.5625 5.01E-11 0.012
55.5625 5.01E-11 0.012
55.5625 5.01E-11 0.012
55.5625 5E-11 0.012
55.5625 5E-11 0.012
55.5625 4.99E-11 0
55.5625 4.99E-11 0
55.5625 4.99E-11 0.016
55.625 4.99E-11 0.006
55.625 4.98E-11 0.008
55.625 4.98E-11 0.009
55.625 4.98E-11 0.009
55.625 4.97E-11 0.008
55.625 4.97E-11 0.009
55.625 4.97E-11 0.009
55.75 4.96E-11 0.009
55.75 4.96E-11 0.009
55.75 4.96E-11 0.01
55.75 4.95E-11 0.01
55.75 4.95E-11 0.01
55.75 4.95E-11 0.01
55.75 4.95E-11 0.01
55.75 4.94E-11 0.011
55.8125 4.94E-11 0.011
55.8125 4.93E-11 0.011
55.8125 4.93E-11 0.011
55.8125 4.93E-11 0.011
55.8125 4.93E-11 0.011
55.8125 4.92E-11 0.011
55.8125 4.92E-11 0.009
56 4.91E-11 0.01
56 4.91E-11 0.01
56 4.91E-11 0.01
56 4.91E-11 0.01
56 4.9E-11 0.01
56 4.9E-11 0.01
56 4.9E-11 0.01
56 4.89E-11 0.01
56 4.89E-11 0.01
56 4.89E-11 0.01
56 4.88E-11 0.01
56 4.88E-11 0.01
56 4.88E-11 0.01
56 4.87E-11 0.01
56 4.87E-11 0.01
56.1875 4.87E-11 0.009
56.1875 4.86E-11 0.009
56.1875 4.86E-11 0.009
56.1875 4.86E-11 0.009
56.1875 4.86E-11 0.009
56.1875 4.85E-11 0.009
56.1875 4.85E-11 0.009
56.1875 4.85E-11 0.009
56.3125 4.84E-11 0
56.3125 4.84E-11 0.011
56.3125 4.84E-11 0.01
56.3125 4.83E-11 0.013
56.3125 4.83E-11 0.013
56.3125 4.83E-11 0.012
56.3125 4.83E-11 0
56.4375 4.82E-11 0.013
56.4375 4.82E-11 0.014
56.4375 4.82E-11 0.014
56.4375 4.81E-11 0.014
56.4375 4.81E-11 0.012
56.4375 4.81E-11 0.012
56.4375 4.8E-11 0.012
56.4375 4.8E-11 0.012
56.5625 4.8E-11 0.012
56.5625 4.8E-11 0.011
56.5625 4.79E-11 0.012
56.5625 4.79E-11 0.008
56.5625 4.79E-11 0.008
56.5625 3.79E-11 0.008
56.5625 3.81E-11 0.012
56.5625 3.82E-11 0.007
56.5625 3.81E-11 0.008
56.5625 3.81E-11 0.01
56.6875 3.81E-11 0.01
56.6875 3.81E-11 0.01
56.8125 3.81E-11 0
56.8125 3.81E-11 0.007
56.8125 3.81E-11 0.009
56.8125 3.81E-11 0.009
56.8125 3.8E-11 0.01
56.8125 3.8E-11 0.009
56.8125 3.8E-11 0.01
56.9375 3.8E-11 0.01
56.9375 3.8E-11 0.01
56.9375 3.8E-11 0.01
56.9375 3.79E-11 0.011
56.9375 3.79E-11 0.01
56.9375 3.79E-11 0.01
56.9375 3.79E-11 0.01
56.9375 3.78E-11 0.01
57 3.78E-11 0.009
57 3.78E-11 0.008
57 3.78E-11 0.009
57 3.78E-11 0.009
57 3.78E-11 0.009
57 3.77E-11 0.009
57 3.77E-11 0.009
57.1875 3.77E-11 0.009
57.1875 3.77E-11 0.009
57.1875 3.77E-11 0.009
57.1875 3.76E-11 0.01
57.1875 3.76E-11 0.009
57.1875 3.76E-11 0.008
57.1875 3.76E-11 0.008
57.1875 3.76E-11 0.008
57.375 3.75E-11 0.008
57.375 3.75E-11 0.008
57.375 3.75E-11 0.008
57.375 3.75E-11 0.008
57.375 3.75E-11 0.009
57.375 3.74E-11 0.009
57.375 3.74E-11 0.009
57.5 3.74E-11 0.009
57.5 3.74E-11 0.009
57.5 3.74E-11 0.009
57.5 3.73E-11 0.009
57.5 3.73E-11 0.009
57.5 3.73E-11 0.009
57.5 3.73E-11 0.009
57.5 3.72E-11 0.009
57.5625 3.72E-11 0.009
57.5625 3.72E-11 0.009
57.5625 3.72E-11 0.009
57.5625 3.72E-11 0.009
57.5625 3.72E-11 0.009
57.6875 3.71E-11 0
57.6875 3.71E-11 0.033
57.75 3.71E-11 0.032
57.75 3.7E-11 0.033
57.75 3.7E-11 0.033
57.75 3.7E-11 0.033
57.75 3.7E-11 0.033
57.75 3.7E-11 0.028
57.75 3.69E-11 0.024
57.75 3.69E-11 0.024
57.8125 3.69E-11 0.018
57.8125 3.69E-11 0.017
57.8125 3.69E-11 0.017
57.8125 3.68E-11 0.017
57.8125 3.68E-11 0.017
57.8125 3.68E-11 0.018
57.8125 3.68E-11 0.018
58 3.68E-11 0.017
58 3.68E-11 0.016
58 3.68E-11 0.016
58 3.67E-11 0.014
58 3.67E-11 0.014
58 3.67E-11 0.014
58 3.67E-11 0.015
58 3.67E-11 0.015
58.125 3.66E-11 0.015
58.125 3.66E-11 0.015
58.125 3.66E-11 0.014
58.125 3.66E-11 0.014
58.125 3.66E-11 0.014
58.125 3.66E-11 0.013
58.125 3.65E-11 0.013
58.25 3.65E-11 0.013
58.25 3.65E-11 0.013
58.25 3.65E-11 0.013
58.25 3.65E-11 0.013
58.25 3.65E-11 0.013
58.25 3.64E-11 0.013
58.25 3.64E-11 0.013
58.25 3.64E-11 0.013
58.3125 3.64E-11 0.013
58.3125 3.64E-11 0.012
58.3125 3.63E-11 0.012
58.3125 3.63E-11 0.011
58.3125 3.63E-11 0.011
58.3125 3.63E-11 0.011
58.3125 3.63E-11 0.011
58.5 3.63E-11 0.011
58.5 3.62E-11 0.011
58.5 3.62E-11 0.011
58.5 3.62E-11 0.011
58.5 3.62E-11 0.011
58.5 3.62E-11 0.011
58.5 3.62E-11 0.011
58.5625 3.61E-11 0.011
58.5625 3.61E-11 0.011
58.5625 3.61E-11 0.011
58.5625 3.61E-11 0.011
58.5625 3.61E-11 0.011
58.5625 3.61E-11 0
58.5625 3.61E-11 0
58.5625 3.6E-11 0.02
58.75 3.6E-11 0.025
58.75 3.6E-11 0.007
58.75 3.6E-11 0.007
58.75 3.6E-11 0.007
58.75 3.59E-11 0.006
58.75 3.59E-11 0.006
58.75 3.59E-11 0.007
58.75 3.59E-11 0.008
58.75 3.59E-11 0.008
58.75 3.59E-11 0.008
58.75 3.58E-11 0.009
58.75 3.58E-11 0.009
58.75 3.58E-11 0.01
58.75 3.58E-11 0.01
58.75 3.58E-11 0.011
58.9375 3.57E-11 0.01
58.9375 3.57E-11 0.01
58.9375 3.57E-11 0.009
58.9375 3.57E-11 0.009
58.9375 3.57E-11 0.009
58.9375 3.57E-11 0.009
58.9375 3.57E-11 0.009
59 3.56E-11 0.009
59 3.56E-11 0.009
59 3.56E-11 0.009
59 3.56E-11 0.01
59 3.56E-11 0.01
59 3.56E-11 0.01
59 3.56E-11 0.01
59 3.55E-11 0.01
59.1875 3.55E-11 0.01
59.1875 3.55E-11 0.01
59.1875 3.55E-11 0.01
59.1875 3.55E-11 0.01
59.1875 3.55E-11 0.011
59.1875 3.54E-11 0.011
59.1875 3.54E-11 0.01
59.375 3.54E-11 0.01
59.375 3.54E-11 0.01
59.375 3.54E-11 0.01
59.375 3.53E-11 0.01
59.375 3.53E-11 0.01
59.375 3.53E-11 0.01
59.375 3.53E-11 0.01
59.375 3.53E-11 0.01
59.5 3.53E-11 0.01
59.5 3.52E-11 0.01
59.5 3.52E-11 0.01
59.5 3.52E-11 0.01
59.5 3.52E-11 0.01
59.5 3.52E-11 0.01
59.5 3.52E-11 0.01
59.5625 3.52E-11 0.01
59.5625 3.51E-11 0.01
59.5625 3.51E-11 0.01
59.5625 3.51E-11 0.009
59.5625 3.51E-11 0.009
59.5625 3.51E-11 0.009
59.5625 3.51E-11 0.009
59.5625 3.51E-11 0.009
59.75 3.51E-11 0.009
59.75 3.5E-11 0.009
59.75 3.5E-11 0.009
59.75 3.5E-11 0.009
59.75 3.5E-11 0.009
59.75 3.5E-11 0.009
59.75 3.5E-11 0.009
59.75 3.5E-11 0.009
59.75 3.49E-11 0.009
59.75 3.49E-11 0.009
59.75 3.49E-11 0.008
59.75 3.49E-11 0.008
59.75 3.49E-11 0.008
59.75 3.48E-11 0.008
59.75 3.48E-11 0.008
60 3.48E-11 0.008
60 3.48E-11 0.008
60 3.48E-11 0.008
60 3.48E-11 0.008
60 3.48E-11 0.008
60 3.48E-11 0.008
60 3.47E-11 0.008
60.0625 3.47E-11 0.008
60.0625 3.47E-11 0.008
60.0625 3.47E-11 0.008
60.0625 3.47E-11 0.008
60.0625 3.47E-11 0.008
60.0625 3.46E-11 0.008
60.0625 3.46E-11 0.008
60.0625 3.46E-11 0.008
60.1875 3.46E-11 0.008
60.1875 3.46E-11 0.008
60.1875 3.46E-11 0.008
60.1875 3.45E-11 0.008
60.1875 3.45E-11 0.008
60.1875 3.45E-11 0.008
60.1875 3.45E-11 0.008
60.375 3.45E-11 0.008
60.375 3.44E-11 0.008
60.375 3.44E-11 0.008
60.375 3.44E-11 0.008
60.375 3.44E-11 0.009
60.375 3.44E-11 0.009
60.375 3.44E-11 0.008
60.375 3.44E-11 0.008
60.5 3.43E-11 0.008
60.5 3.43E-11 0.008
60.5 3.43E-11 0.008
60.5 3.43E-11 0.008
60.5 3.43E-11 0.008
60.5 3.43E-11 0.008
60.5 3.43E-11 0.008
60.5625 3.42E-11 0.008
60.5625 3.42E-11 0.008
60.5625 3.42E-11 0.008
60.5625 3.42E-11 0.008
60.5625 3.42E-11 0.008
60.5625 3.42E-11 0.008
60.5625 3.41E-11 0.008
60.5625 3.41E-11 0.008
60.75 3.41E-11 0.008
60.75 3.41E-11 0.008
60.75 3.41E-11 0.008
60.75 3.41E-11 0.008
60.75 3.41E-11 0.008
60.75 3.41E-11 0.008
60.75 3.4E-11 0.008
60.875 3.4E-11 0.008
60.875 3.4E-11 0.008
60.875 3.4E-11 0.008
60.875 3.4E-11 0.008
60.875 3.4E-11 0.008
60.875 3.39E-11 0.008
60.875 3.39E-11 0.008
60.875 3.39E-11 0.008
60.9375 3.39E-11 0.008
60.9375 3.39E-11 0.008
60.9375 3.39E-11 0.008
60.9375 3.39E-11 0.008
60.9375 3.39E-11 0.008
60.9375 3.38E-11 0.008
60.9375 3.38E-11 0.008
61.0625 3.38E-11 0
61.0625 3.38E-11 0.012
61.0625 3.38E-11 0.004
61.0625 3.38E-11 0.004
61.0625 3.38E-11 0.004
61.0625 3.37E-11 0.003
61.1875 3.37E-11 0.003
61.1875 3.37E-11 0.004
61.1875 3.37E-11 0.004
61.1875 3.37E-11 0.004
61.1875 3.37E-11 0.005
61.1875 3.37E-11 0.005
61.1875 3.36E-11 0.005
61.1875 3.36E-11 0.005
61.25 3.36E-11 0.005
61.25 3.36E-11 0.006
61.25 3.36E-11 0.006
61.25 3.36E-11 0.006
61.25 3.36E-11 0.006
61.25 3.36E-11 0.005
61.25 3.35E-11 0.005
61.375 3.35E-11 0.006
61.375 3.35E-11 0.006
61.375 3.35E-11 0.006
61.375 3.35E-11 0.006
61.375 3.35E-11 0.006
61.375 3.34E-11 0.007
61.375 3.34E-11 0.007
61.375 3.34E-11 0.007
61.5 3.34E-11 0.007
61.5 3.34E-11 0.007
61.5 3.34E-11 0.008
61.5 3.33E-11 0.008
61.5 3.33E-11 0.008
61.5 3.33E-11 0.008
61.5 3.33E-11 0.008
61.75 3.33E-11 0.008
61.75 3.33E-11 0.009
61.75 3.33E-11 0.009
61.75 3.33E-11 0.009
61.75 3.32E-11 0
61.75 3.32E-11 0.033
61.75 3.32E-11 0.035
61.75 3.32E-11 0.035
61.8125 3.32E-11 0.024
61.8125 3.32E-11 0.016
61.9375 3.32E-11 0.011
61.9375 3.31E-11 0.01
61.9375 3.31E-11 0.01
62 3.31E-11 0.011
62 3.31E-11 0.012
62 3.31E-11 0.011
62 3.31E-11 0.009
62 3.31E-11 0
62 3.31E-11 0
62 3.3E-11 0.005
62 3.3E-11 0.005
62 3.3E-11 0.007
61.9375 3.3E-11 0.009
61.9375 3.3E-11 0.009
61.9375 3.3E-11 0.011
61.9375 3.3E-11 0.008
61.9375 3.29E-11 0.009
61.9375 3.29E-11 0.009
61.9375 3.29E-11 0.009
61.9375 3.29E-11 0.009
62.25 3.29E-11 0.009
62.25 3.29E-11 0.009
62.25 3.29E-11 0.01
62.25 3.29E-11 0.01
62.25 3.28E-11 0.01
62.25 3.28E-11 0.011
62.25 3.28E-11 0.011
62.3125 3.28E-11 0.011
62.3125 3.28E-11 0.011
62.3125 3.28E-11 0.011
62.375 3.28E-11 0.011
62.375 3.27E-11 0.011
62.375 3.27E-11 0.01
62.375 3.27E-11 0.01
62.375 3.27E-11 0.01
62.5 3.27E-11 0.01
62.5 3.27E-11 0.01
62.5 3.27E-11 0.01
62.5 3.27E-11 0.01
62.5 3.26E-11 0.01
62.5 3.26E-11 0.011
62.5 3.26E-11 0.009
62.5 3.26E-11 0.009
62.5 3.26E-11 0.009
62.5 3.26E-11 0.009
62.5 3.26E-11 0.009
62.5 3.26E-11 0.009
62.5 3.25E-11 0
62.5 3.25E-11 0.005
62.5 3.25E-11 0.005
62.75 3.25E-11 0.008
62.75 3.25E-11 0.01
62.75 3.25E-11 0.008
62.75 3.25E-11 0.007
62.75 3.25E-11 0.007
62.75 3.24E-11 0.008
62.75 3.24E-11 0.009
62.8125 3.24E-11 0.008
62.8125 3.24E-11 0.005
62.8125 3.24E-11 0.005
62.8125 3.24E-11 0.006
62.8125 3.24E-11 0.006
62.8125 3.23E-11 0.006
62.8125 3.23E-11 0.007
62.8125 3.23E-11 0.007
62.9375 3.23E-11 0.007
62.9375 3.23E-11 0.008
62.9375 3.23E-11 0.008
62.9375 3.23E-11 0.009
62.9375 3.23E-11 0.009
62.9375 3.22E-11 0.009
62.9375 3.22E-11 0.009
63.0625 3.22E-11 0.009
63.0625 3.22E-11 0.008
63.0625 3.22E-11 0.008
63.0625 3.22E-11 0.009
63.0625 3.22E-11 0.009
63.0625 3.22E-11 0.009
63.0625 3.21E-11 0.009
63.0625 3.21E-11 0.009
63.125 3.21E-11 0.008
63.125 3.21E-11 0.009
63.125 3.21E-11 0.009
63.125 3.21E-11 0.009
63.125 3.21E-11 0.009
63.125 3.21E-11 0.009
63.125 3.21E-11 0.008
63.3125 3.2E-11 0
63.3125 3.2E-11 0.024
63.3125 3.2E-11 0.024
63.3125 3.2E-11 0.012
63.3125 3.2E-11 0.013
63.3125 3.2E-11 0.009
63.3125 3.2E-11 0.011
63.3125 3.2E-11 0.011
63.4375 3.19E-11 0.012
63.4375 3.19E-11 0.008
63.4375 3.19E-11 0.009
63.4375 3.19E-11 0.009
63.4375 3.19E-11 0
63.4375 3.19E-11 0
63.4375 3.19E-11 0
63.5 3.19E-11 0.005
63.5 3.18E-11 0.007
63.5 3.18E-11 0.008
63.5 3.18E-11 0.008
63.5 3.18E-11 0.009
63.5 3.18E-11 0.009
63.5 3.18E-11 0
63.75 3.18E-11 0.003
63.75 3.18E-11 0.003
63.75 3.18E-11 0.005
63.75 3.17E-11 0.007
63.75 3.17E-11 0
63.75 3.17E-11 0.006
63.75 3.17E-11 0.006
63.75 3.17E-11 0.008
63.75 3.17E-11 0.011
63.75 3.17E-11 0.003
63.75 3.17E-11 0.004
63.75 3.16E-11 0.004
63.75 3.16E-11 0.004
63.75 3.16E-11 0.005
63.75 3.16E-11 0.005
64 3.16E-11 0.006
64 3.16E-11 0.006
64 3.16E-11 0.006
64 3.16E-11 0.005
64 3.15E-11 0.004
64 3.15E-11 0.005
64 3.15E-11 0.005
64 3.15E-11 0.005
64.0625 3.15E-11 0.005
64.0625 3.15E-11 0.006
64.0625 3.15E-11 0.006
64.0625 3.15E-11 0.006
64.0625 3.15E-11 0.006
64.0625 3.14E-11 0.006
64.0625 3.14E-11 0.006
64.25 3.14E-11 0.006
64.25 3.14E-11 0.005
64.25 3.14E-11 0.005
64.25 3.14E-11 0.005
64.25 3.14E-11 0.005
64.25 3.14E-11 0.005
64.25 3.13E-11 0.005
64.25 3.13E-11 0.005
64.375 3.13E-11 0.005
64.375 3.13E-11 0.005
64.375 3.13E-11 0.004
64.375 3.13E-11 0.005
64.375 3.13E-11 0.005
64.375 3.13E-11 0.005
64.375 3.13E-11 0.005
64.4375 3.12E-11 0.005
64.4375 3.12E-11 0.005
64.4375 3.12E-11 0.005
64.4375 3.12E-11 0.005
64.4375 3.12E-11 0.005
64.4375 3.12E-11 0.005
64.4375 3.12E-11 0.005
64.4375 3.12E-11 0.005
64.5625 3.12E-11 0.005
64.5625 3.11E-11 0.005
64.5625 3.11E-11 0.005
64.5625 3.11E-11 0.005
64.5625 3.11E-11 0.005
64.5625 3.11E-11 0.005
64.5625 3.11E-11 0.005
64.75 3.11E-11 0.005
64.75 3.1E-11 0.005
64.75 3.1E-11 0.005
64.75 3.1E-11 0.005
64.75 3.1E-11 0.006
64.75 3.1E-11 0.006
64.75 3.1E-11 0.006
64.75 3.1E-11 0.006
64.875 3.1E-11 0.006
64.875 3.1E-11 0.006
64.875 3.09E-11 0.006
64.875 3.09E-11 0.006
64.875 3.09E-11 0.006
64.875 3.09E-11 0.006
64.875 3.09E-11 0.006
64.9375 3.09E-11 0.006
64.9375 3.09E-11 0.006
64.9375 3.09E-11 0.006
64.9375 3.09E-11 0
64.9375 3.08E-11 0.029
64.9375 3.08E-11 0.028
64.9375 3.08E-11 0.029
64.9375 3.08E-11 0.029
65 3.08E-11 0.031
65 3.08E-11 0.025
65 3.08E-11 0.016
65 3.08E-11 0.016
65 3.07E-11 0.014
65 3.07E-11 0.014
65 3.07E-11 0.015
65.25 3.07E-11 0.015
65.25 3.07E-11 0
65.25 3.07E-11 0.024
65.25 3.07E-11 0.024
65.25 3.07E-11 0.02
65.25 3.07E-11 0.022
65.25 3.06E-11 0.017
65.25 3.06E-11 0.016
65.25 3.06E-11 0.016
65.25 3.06E-11 0.013
65.25 3.06E-11 0.013
65.25 3.06E-11 0.009
65.25 3.06E-11 0.009
65.25 3.06E-11 0.009
65.25 3.06E-11 0.009
65.5 3.06E-11 0.01
65.5 3.05E-11 0.008
65.5 3.05E-11 0.008
65.5 3.05E-11 0.008
65.5 3.05E-11 0.008
65.5 3.05E-11 0.008
65.5 3.05E-11 0.008
65.5625 3.05E-11 0.008
65.5625 3.05E-11 0.008
65.5625 3.05E-11 0.009
65.5625 3.04E-11 0.009
65.5625 3.04E-11 0.006
65.5625 3.04E-11 0.006
65.5625 3.04E-11 0.006
65.5625 3.04E-11 0.006
65.75 3.04E-11 0.007
65.75 3.04E-11 0.007
65.75 3.04E-11 0.007
65.75 3.04E-11 0.007
65.75 3.04E-11 0.007
65.75 3.03E-11 0.007
65.75 3.03E-11 0
65.875 3.03E-11 0.017
65.875 3.03E-11 0.019
65.875 3.03E-11 0.019
65.875 3.03E-11 0.021
65.875 3.03E-11 0.025
65.875 3.03E-11 0.022
65.875 3.03E-11 0.014
65.875 3.03E-11 0.014
66 3.02E-11 0.016
66 3.02E-11 0.017
66 3.02E-11 0.017
66 3.02E-11 0.018
66 3.02E-11 0.018
66 3.02E-11 0.017
66 3.02E-11 0
66.125 3.02E-11 0.015
66.125 3.02E-11 0.018
66.125 3.02E-11 0.018
66.125 3.01E-11 0.019
66.125 3.01E-11 0.02
66.125 3.01E-11 0.02
66.125 3.01E-11 0.022
66.125 3.01E-11 0.022
66.25 3.01E-11 0.022
66.25 3.01E-11 0.014
66.25 3.01E-11 0
66.25 3E-11 0.032
66.25 3E-11 0.032
66.25 3E-11 0.018
66.25 3E-11 0.013
66.4375 3E-11 0.014
66.4375 3E-11 0.014
66.4375 3E-11 0.014
66.4375 3E-11 0.015
66.4375 3E-11 0.012
66.4375 3E-11 0.012
66.4375 3E-11 0.009
66.4375 2.99E-11 0.009
66.4375 2.99E-11 0.009
66.4375 2.99E-11 0.01
66.4375 2.99E-11 0.01
66.4375 2.99E-11 0.01
66.4375 2.99E-11 0.011
66.4375 2.99E-11 0.011
66.4375 2.99E-11 0.01
66.6875 2.99E-11 0.01
66.6875 2.99E-11 0.01
66.6875 2.98E-11 0.011
66.6875 2.98E-11 0.011
66.6875 2.98E-11 0.011
66.6875 2.98E-11 0.011
66.6875 2.98E-11 0.011
66.75 2.98E-11 0.011
66.75 2.98E-11 0.011
66.75 2.98E-11 0.011
66.75 2.98E-11 0.011
66.75 2.98E-11 0.011
66.75 2.97E-11 0.012
66.75 2.97E-11 0.012
66.75 2.97E-11 0.012
67 2.97E-11 0.01
67 2.97E-11 0.01
67 2.97E-11 0.01
67 2.97E-11 0.01
67 2.97E-11 0.009
67 2.97E-11 0.009
67 2.97E-11 0.01
67.0625 2.96E-11 0.01
67.0625 2.96E-11 0.01
67.0625 2.96E-11 0.01
67.0625 2.96E-11 0.009
67.0625 2.96E-11 0.009
67.0625 2.96E-11 0.009
67.0625 2.96E-11 0.009
67.0625 2.96E-11 0.009
67.1875 2.96E-11 0.009
67.1875 2.96E-11 0.01
67.1875 2.95E-11 0.01
67.1875 2.95E-11 0.01
67.1875 2.95E-11 0.01
67.1875 2.95E-11 0.01
67.1875 2.95E-11 0.01
67.25 2.95E-11 0.01
67.25 2.95E-11 0.01
67.25 2.95E-11 0.01
67.25 2.95E-11 0.01
67.25 2.95E-11 0.01
67.25 2.94E-11 0.009
67.25 2.94E-11 0.009
67.25 2.94E-11 0.009
67.5 2.94E-11 0.009
67.5 2.94E-11 0.009
67.5 2.94E-11 0.009
67.5 2.94E-11 0
67.5 2.94E-11 0
67.5 2.94E-11 0.01
67.5 2.94E-11 0.009
67.5625 2.94E-11 0.008
67.5625 2.93E-11 0.01
67.5625 2.93E-11 0.01
67.5625 2.93E-11 0.008
67.5625 2.93E-11 0.008
67.5625 2.93E-11 0.009
67.5625 2.93E-11 0.009
67.5625 2.93E-11 0.009
67.75 2.93E-11 0.009
67.75 2.93E-11 0.009
67.75 2.93E-11 0.009
67.75 2.92E-11 0.01
67.75 2.92E-11 0.01
67.75 2.92E-11 0.007
67.75 2.92E-11 0.007
67.8125 2.92E-11 0.007
67.8125 2.92E-11 0.007
67.8125 2.92E-11 0.007
67.8125 2.92E-11 0.007
67.8125 2.92E-11 0.007
67.8125 2.92E-11 0.007
67.8125 2.91E-11 0.007
67.8125 2.91E-11 0.007
68 2.91E-11 0.007
68 2.91E-11 0.008
68 2.91E-11 0.007
68 2.91E-11 0.007
68 2.91E-11 0.007
68 2.91E-11 0.006
68 2.91E-11 0.006
68.0625 2.91E-11 0.006
68.0625 2.91E-11 0.006
68.0625 2.91E-11 0.006
68.0625 2.9E-11 0.007
68.0625 2.9E-11 0.007
68.0625 2.9E-11 0.007
68.0625 2.9E-11 0.007
68.0625 2.9E-11 0.007
68.375 2.9E-11 0
68.375 2.9E-11 0.028
68.3125 2.9E-11 0.002
68.3125 2.9E-11 0.002
68.3125 2.9E-11 0.002
68.25 2.89E-11 0.002
68.25 2.89E-11 0.003
68.4375 2.89E-11 0.004
68.4375 2.89E-11 0.004
68.4375 2.89E-11 0.004
68.4375 2.89E-11 0.005
68.4375 2.89E-11 0.003
68.4375 2.89E-11 0.004
68.4375 2.89E-11 0.004
68.5 2.88E-11 0.004
68.5 2.88E-11 0.004
68.5 2.88E-11 0.004
68.5 2.88E-11 0.004
68.5 2.88E-11 0.004
68.5 2.88E-11 0.005
68.5 2.88E-11 0.005
68.5 2.88E-11 0.005
68.75 2.88E-11 0.005
68.75 2.88E-11 0.005
68.75 2.88E-11 0.005
68.75 2.88E-11 0.005
68.75 2.87E-11 0
68.75 2.87E-11 0.027
68.75 2.87E-11 0.024
69 2.87E-11 0.03
69 2.87E-11 0.03
69 2.87E-11 0.032
69 2.87E-11 0.028
69 2.87E-11 0.023
69 2.87E-11 0.018
69 2.87E-11 0.018
69 2.86E-11 0.019
69.375 2.86E-11 0.01
69.375 2.86E-11 0.011
69.375 2.86E-11 0.012
69.375 2.86E-11 0.012
69.375 2.86E-11 0.012
69.375 2.86E-11 0.012
69.375 2.86E-11 0.012
69.5 2.86E-11 0.012
69.5 2.86E-11 0.012
69.5 2.86E-11 0.012
69.5 2.85E-11 0
69.5 2.85E-11 0.015
69.5 2.85E-11 0.015
69.5 2.85E-11 0.015
69.5 2.85E-11 0.01
69.75 2.85E-11 0.005
69.75 2.85E-11 0.005
69.75 2.85E-11 0.006
69.75 2.85E-11 0.006
69.75 2.85E-11 0.006
69.75 2.85E-11 0.007
69.75 2.84E-11 0.007
70 2.84E-11 0.006
70 2.84E-11 0.006
70 2.84E-11 0.006
70 2.84E-11 0.006
70 2.84E-11 0.007
70 2.84E-11 0.005
70 2.84E-11 0.005
70 2.84E-11 0.005
70.4375 2.84E-11 0.005
70.4375 2.83E-11 0.005
70.4375 2.83E-11 0.006
70.4375 2.83E-11 0.006
70.4375 2.83E-11 0.006
70.4375 2.83E-11 0.006
70.4375 2.83E-11 0.006
70.9375 2.83E-11 0.006
70.9375 2.83E-11 0.006
70.9375 2.83E-11 0.006
70.9375 2.83E-11 0.007
70.9375 2.83E-11 0.007
70.9375 2.82E-11 0.007
70.9375 2.82E-11 0.007
70.9375 2.82E-11 0.007
71.375 2.82E-11 0.007
71.375 2.82E-11 0.007
71.375 2.82E-11 0.007
71.375 2.82E-11 0.007
71.375 2.82E-11 0.007
71.375 2.82E-11 0.007
71.375 2.82E-11 0.007
72.25 2.81E-11 0.007
72.25 2.81E-11 0.007
72.25 2.81E-11 0.007
72.25 2.81E-11 0.007
72.25 2.81E-11 0.007
72.25 2.81E-11 0.007
72.25 2.81E-11 0.007
72.25 2.81E-11 0.007
73 2.81E-11 0.007
73 2.81E-11 0.007
73 2.8E-11 0.007
73 2.8E-11 0.007
73 2.8E-11 0.007
73 2.8E-11 0.007
73 2.8E-11 0.007
73.875 2.8E-11 0.007
73.875 2.8E-11 0.007
73.875 2.8E-11 0.007
73.875 2.8E-11 0.007
73.875 2.8E-11 0.007
73.875 2.79E-11 0.007
73.875 2.79E-11 0.007
73.875 2.79E-11 0.007
74.875 2.79E-11 0.008
74.875 2.79E-11 0.007
74.875 2.79E-11 0.008
74.875 2.79E-11 0.008
74.875 2.79E-11 0.008
74.875 2.79E-11 0.008
74.875 2.79E-11 0.008
75.625 2.78E-11 0.007
75.625 2.78E-11 0.008
75.625 2.78E-11 0.008
75.625 2.78E-11 0.008
75.625 2.78E-11 0.008
75.625 2.78E-11 0.008
75.625 2.78E-11 0.008
75.625 2.78E-11 0.008
76.6875 2.78E-11 0.008
76.6875 2.77E-11 0.008
76.6875 2.77E-11 0.008
76.6875 2.77E-11 0.008
76.6875 2.77E-11 0.008
76.6875 2.77E-11 0.008
76.6875 2.77E-11 0.008
77.5 2.77E-11 0.008
77.5 2.77E-11 0.008
77.5 2.77E-11 0.008
77.5 2.76E-11 0.008
77.5 2.76E-11 0.008
77.5 2.76E-11 0.008
77.5 2.76E-11 0.008
77.5 2.76E-11 0.008
78.625 2.76E-11 0.008
78.625 2.76E-11 0.008
78.625 2.76E-11 0.008
78.625 2.75E-11 0.008
78.625 2.75E-11 0.008
78.625 2.75E-11 0.008
78.625 2.75E-11 0.008
79.625 2.75E-11 0.008
79.625 2.75E-11 0.008
79.625 2.75E-11 0
79.625 2.75E-11 0
79.625 2.75E-11 0.013
79.625 2.74E-11 0.011
79.625 2.74E-11 0.007
80.4375 2.74E-11 0.006
80.4375 2.74E-11 0.006
80.4375 1.75E-11 0
80.4375 1.74E-11 0.015
80.4375 1.74E-11 0.012
80.4375 1.74E-11 0.01
80.4375 1.74E-11 0.01
80.4375 1.73E-11 0.009
81.5625 1.73E-11 0.008
81.5625 1.72E-11 0.009
81.5625 1.72E-11 0.009
81.5625 1.72E-11 0.009
81.5625 1.72E-11 0.009
81.5625 1.72E-11 0.009
81.5625 1.71E-11 0.009
82.375 1.71E-11 0.009
82.375 1.71E-11 0.009
82.375 1.71E-11 0.009
82.375 1.7E-11 0.008
82.375 1.7E-11 0.008
82.375 1.7E-11 0.008
82.375 1.7E-11 0.008
82.375 1.69E-11 0.008
83.4375 1.69E-11 0.008
83.4375 1.69E-11 0.008
83.4375 1.69E-11 0.008
83.4375 1.69E-11 0.008
83.4375 1.68E-11 0.009
83.4375 1.68E-11 0.009
83.4375 1.68E-11 0.008
84.1875 1.67E-11 0.008
84.1875 1.67E-11 0.008
84.1875 1.67E-11 0.008
84.1875 1.67E-11 0.008
84.1875 1.67E-11 0.008
84.1875 1.66E-11 0.007
84.1875 1.66E-11 0.007
84.1875 1.66E-11 0.007
85.25 1.66E-11 0.008
85.25 1.66E-11 0.008
85.25 1.65E-11 0.008
85.25 1.65E-11 0.008
85.25 1.65E-11 0.008
85.25 1.65E-11 0.008
85.25 1.65E-11 0.008
86.125 1.64E-11 0.008
86.125 1.64E-11 0.008
86.125 1.64E-11 0.008
86.125 1.64E-11 0.008
86.125 1.64E-11 0.008
86.125 1.63E-11 0.008
86.125 1.63E-11 0.008
86.125 1.63E-11 0.008
87.0625 1.63E-11 0.008
87.0625 1.63E-11 0.008
87.0625 1.62E-11 0.009
87.0625 1.62E-11 0.009
87.0625 1.62E-11 0.009
87.0625 1.62E-11 0.009
87.0625 1.62E-11 0.009
88.125 1.61E-11 0.009
88.125 1.61E-11 0.009
88.125 1.61E-11 0.009
88.1875 1.61E-11 0.009
88.1875 1.61E-11 0.009
88.3125 1.6E-11 0.009
88.3125 1.6E-11 0.009
88.3125 1.6E-11 0.009
89 1.6E-11 0.009
89 1.6E-11 0.009
89 1.6E-11 0.009
89 1.6E-11 0.009
89 1.59E-11 0.009
89 1.59E-11 0.009
89 1.59E-11 0.009
90.0625 1.59E-11 0.009
90.0625 1.59E-11 0.009
90.0625 1.58E-11 0.009
90.0625 1.58E-11 0.009
90.0625 1.58E-11 0.009
90.0625 1.58E-11 0.01
90.0625 1.58E-11 0.01
90.0625 1.57E-11 0.01
91.0625 1.57E-11 0.01
91.0625 1.57E-11 0.01
91.0625 1.57E-11 0.01
91.0625 1.57E-11 0.01
91.0625 1.57E-11 0.009
91.0625 1.56E-11 0.009
91.0625 1.56E-11 0.008
91.875 1.56E-11 0
91.875 1.56E-11 0.02
91.875 1.56E-11 0.02
92 1.56E-11 0
92 1.55E-11 0.027
92.625 1.55E-11 0.021
92.625 1.55E-11 0.012
92.625 1.55E-11 0.012
92.625 1.55E-11 0.011
92.625 1.55E-11 0.011
92.625 1.54E-11 0.012
92.625 1.54E-11 0.011
92.625 1.54E-11 0.011
93.5625 1.54E-11 0.011
93.5625 1.54E-11 0.012
93.5625 1.54E-11 0.012
93.5625 1.53E-11 0.011
93.5625 1.53E-11 0.011
93.5625 1.53E-11 0.011
93.5625 1.53E-11 0.012
94.5 1.53E-11 0.012
94.5 1.53E-11 0.011
94.5 1.53E-11 0.011
94.5 1.52E-11 0.011
94.5 1.52E-11 0.012
94.5 1.52E-11 0.012
94.5 1.52E-11 0.009
94.5 1.52E-11 0.009
95.5 1.52E-11 0.01
95.5 1.51E-11 0.01
95.5625 1.51E-11 0.01
95.5625 1.51E-11 0.008
95.5625 1.51E-11 0.008
95.6875 1.51E-11 0.008
