0 0 0
0 1.42E-11 0.013
98 1.42E-11 0.013
98 1.42E-11 0.013
98 1.42E-11 0.013
97.8125 1.42E-11 0.013
97.8125 1.41E-11 0.013
97.8125 1.41E-11 0.013
94.5 1.41E-11 0.013
94.5 1.41E-11 0.013
94.5 1.41E-11 0.013
94.5 1.41E-11 0.013
92.25 1.41E-11 0.013
92.25 1.41E-11 0.013
92.25 1.41E-11 0.013
92.25 1.41E-11 0.013
88.375 1.41E-11 0.013
88.375 1.41E-11 0.013
88.375 1.41E-11 0.013
88.375 1.41E-11 0.013
86.3125 1.41E-11 0.013
86.3125 1.41E-11 0.013
86.3125 1.41E-11 0.013
86.0625 1.41E-11 0.013
86.0625 1.41E-11 0.013
86.0625 1.41E-11 0.013
86.0625 1.41E-11 0.013
81.8125 1.41E-11 0.013
81.8125 1.41E-11 0.013
81.8125 1.41E-11 0.013
81.8125 1.41E-11 0.013
80.5625 1.41E-11 0.013
80.5625 1.41E-11 0.013
80.5625 1.41E-11 0.013
80.5625 1.41E-11 0.013
82.625 1.41E-11 0.013
82.625 1.41E-11 0.013
82.625 1.41E-11 0.013
82.75 1.41E-11 0.013
82.75 1.41E-11 0.013
82.75 1.41E-11 0.013
82.75 1.41E-11 0.013
78.4375 1.41E-11 0.013
78.4375 1.41E-11 0.013
78.4375 1.41E-11 0.013
78.4375 1.41E-11 0.013
77.8125 1.41E-11 0.013
77.8125 1.41E-11 0.013
77.8125 1.41E-11 0.013
78.6875 1.41E-11 0.013
78.6875 1.41E-11 0.013
78.6875 1.42E-11 0.013
78.6875 1.42E-11 0.013
82.375 1.42E-11 0.013
82.375 1.42E-11 0.013
82.375 1.42E-11 0.013
84.5625 1.42E-11 0.013
84.5625 1.42E-11 0.013
84.5625 1.42E-11 0.013
84.5625 1.42E-11 0.013
86.1875 1.42E-11 0.013
86.1875 1.42E-11 0.013
86.1875 1.42E-11 0.013
86.1875 1.42E-11 0.013
87.3125 1.42E-11 0.013
87.3125 1.42E-11 0.013
87.3125 1.42E-11 0.013
87.3125 1.42E-11 0.013
88.125 1.42E-11 0.013
88.125 1.42E-11 0.013
88.125 1.42E-11 0.013
88.6875 1.42E-11 0.013
88.6875 1.42E-11 0.013
88.6875 1.42E-11 0.013
89 1.42E-11 0.013
89 1.42E-11 0.013
89 1.42E-11 0.013
89 1.42E-11 0.013
89.4375 1.42E-11 0.013
89.4375 1.42E-11 0.013
89.4375 1.42E-11 0.013
89.4375 1.42E-11 0.013
89.75 1.42E-11 0.013
89.75 1.42E-11 0.013
89.75 1.42E-11 0.013
89.75 1.42E-11 0.013
90.0625 1.42E-11 0.013
90.0625 1.42E-11 0.013
90.0625 1.42E-11 0.013
90.25 1.42E-11 0.013
90.25 1.42E-11 0.013
90.25 1.42E-11 0.013
90.25 1.42E-11 0.013
90.375 1.42E-11 0.013
90.375 1.42E-11 0.013
90.375 1.42E-11 0.013
90.4375 1.42E-11 0.013
90.4375 1.42E-11 0.013
90.4375 1.42E-11 0.013
90.4375 1.42E-11 0.013
90.5 1.42E-11 0.013
90.5 1.42E-11 0.013
90.5 1.42E-11 0.013
90.5 1.42E-11 0.013
90.625 1.42E-11 0.013
90.625 1.42E-11 0.013
90.625 1.42E-11 0.013
90.625 1.42E-11 0.013
90.75 1.42E-11 0.013
90.75 1.42E-11 0.013
90.75 1.42E-11 0.013
90.75 1.42E-11 0.013
90.75 1.42E-11 0.013
90.75 1.42E-11 0.013
90.75 1.42E-11 0.013
90.75 1.42E-11 0.013
90.625 1.42E-11 0.013
90.6875 1.42E-11 0.013
90.6875 1.42E-11 0.013
90.75 1.42E-11 0.013
90.75 1.42E-11 0.013
90.75 1.42E-11 0.013
90.75 1.42E-11 0.013
90.75 1.42E-11 0.013
90.75 1.42E-11 0.013
90.75 1.42E-11 0.013
90.75 1.42E-11 0.013
90.6875 1.42E-11 0.013
90.6875 1.42E-11 0.013
90.6875 1.42E-11 0.013
90.6875 1.42E-11 0.013
90.6875 1.42E-11 0.013
90.5625 1.42E-11 0.013
90.5625 1.42E-11 0.013
90.5625 1.42E-11 0.013
90.5625 1.42E-11 0.013
90.5625 1.42E-11 0.013
90.5625 1.42E-11 0.013
90.5 1.42E-11 0.013
90.5 1.42E-11 0.013
90.5 1.42E-11 0.013
90.5 1.42E-11 0.013
90.5 1.42E-11 0.013
90.5 1.42E-11 0.013
90.5 1.42E-11 0.013
90.25 1.42E-11 0.013
90.25 1.42E-11 0.013
90.375 1.42E-11 0.013
90.3125 1.42E-11 0.013
90.25 1.42E-11 0.013
90.25 1.42E-11 0.013
90.25 1.42E-11 0.013
90.25 1.42E-11 0.013
90.1875 1.42E-11 0.013
90.1875 1.42E-11 0.013
90.1875 1.42E-11 0.013
90.1875 1.42E-11 0.013
90.25 1.42E-11 0.013
90.25 1.42E-11 0.013
90.25 1.42E-11 0.013
90.25 1.42E-11 0.013
90.0625 1.42E-11 0.013
90 1.42E-11 0.013
90 1.42E-11 0.013
90 1.42E-11 0.013
90 1.42E-11 0.013
90 1.42E-11 0.013
90 1.42E-11 0.013
90 1.42E-11 0.013
89.8125 1.42E-11 0.013
89.8125 1.42E-11 0.013
89.8125 1.42E-11 0.013
89.75 1.42E-11 0.013
89.75 1.42E-11 0.013
89.75 1.42E-11 0.013
89.75 1.42E-11 0.013
89.625 1.42E-11 0.013
89.625 1.42E-11 0.013
89.625 1.42E-11 0.013
89.5625 1.42E-11 0.013
89.5 1.42E-11 0.013
89.5 1.42E-11 0.013
89.5 1.42E-11 0.013
89.5 1.42E-11 0.013
89.25 1.42E-11 0.013
89.25 1.42E-11 0.013
89.25 1.42E-11 0.013
89.25 1.42E-11 0.013
89.25 1.42E-11 0.013
89.25 1.42E-11 0.013
89.25 1.42E-11 0.013
85.4375 1.42E-11 0.013
85.4375 1.42E-11 0.013
84.5 1.42E-11 0.013
84.5 1.42E-11 0.013
81.3125 1.42E-11 0.013
81.3125 1.42E-11 0.013
81.3125 1.42E-11 0.013
79.6875 1.42E-11 0.013
79.6875 1.42E-11 0.013
79.6875 1.42E-11 0.013
79.6875 1.42E-11 0.013
79.6875 1.42E-11 0.013
79.6875 1.42E-11 0.013
79.6875 1.42E-11 0.013
79.6875 1.42E-11 0.013
79.3125 1.42E-11 0.013
79.3125 1.42E-11 0.013
79.3125 1.42E-11 0.013
79.3125 1.42E-11 0.013
78.8125 1.42E-11 0.013
78.8125 1.42E-11 0.013
78.8125 1.42E-11 0.013
76.75 1.42E-11 0.013
76.75 1.42E-11 0.013
76.75 1.43E-11 0.013
76.75 1.43E-11 0.013
77.0625 1.43E-11 0.013
77.0625 1.43E-11 0.013
77.0625 1.43E-11 0.013
77.0625 1.43E-11 0.013
75.3125 1.43E-11 0.013
75.3125 1.43E-11 0.013
75.3125 1.43E-11 0.013
75.3125 1.43E-11 0.013
75.3125 1.43E-11 0.013
75.3125 1.43E-11 0.013
75.3125 1.43E-11 0.013
76.25 1.43E-11 0.013
76.25 1.43E-11 0.013
76.25 1.43E-11 0.013
76.25 1.44E-11 0.013
76.875 1.44E-11 0.013
76.875 1.44E-11 0.013
76.875 1.44E-11 0.013
76.875 1.44E-11 0.013
76.625 1.44E-11 0.013
76.625 1.44E-11 0.013
76.625 1.44E-11 0.013
76.625 1.44E-11 0.013
76.625 1.44E-11 0.013
76.625 1.44E-11 0.013
76.625 1.44E-11 0.013
75.125 1.44E-11 0.013
75.125 1.44E-11 0.013
75.125 1.44E-11 0.013
75.125 1.45E-11 0.013
75.3125 1.45E-11 0.013
75.3125 1.45E-11 0.013
75.3125 1.45E-11 0.013
75.3125 1.45E-11 0.013
73.6875 1.45E-11 0.013
73.6875 1.45E-11 0.013
73.6875 1.45E-11 0.013
74.5 1.45E-11 0.013
74.5 1.45E-11 0.013
74.5 1.45E-11 0.013
75.1875 1.45E-11 0.013
75.1875 1.45E-11 0.013
75.1875 1.46E-11 0.013
75.1875 1.46E-11 0.013
74.75 1.46E-11 0.013
74.75 1.46E-11 0.013
74.75 1.46E-11 0.013
74.3125 1.46E-11 0.013
74.3125 1.46E-11 0.013
74.3125 1.46E-11 0.013
74.3125 1.46E-11 0.013
73.8125 1.46E-11 0.013
73.8125 1.46E-11 0.013
73.8125 1.46E-11 0.013
73.8125 1.46E-11 0.013
72.6875 1.47E-11 0.013
72.6875 1.47E-11 0.013
72.6875 1.47E-11 0.013
72.6875 1.47E-11 0.013
64.625 1.47E-11 0.013
64.625 1.47E-11 0.013
64.625 1.47E-11 0.013
66.0625 1.47E-11 0.013
66.0625 1.47E-11 0.013
66.0625 1.48E-11 0.013
66.0625 1.48E-11 0.013
66.5625 1.48E-11 0.013
66.5625 1.48E-11 0.013
66.5625 1.48E-11 0.013
66.5625 1.48E-11 0.012
69 1.48E-11 0.012
69 1.48E-11 0.012
69 1.49E-11 0.012
69 1.49E-11 0.012
70.0625 1.49E-11 0.012
70.0625 1.49E-11 0.012
70.0625 1.49E-11 0.012
70.0625 1.49E-11 0.012
69.375 1.49E-11 0.012
69.375 1.49E-11 0.012
69.375 1.5E-11 0.012
70 1.5E-11 0.012
70.5 1.5E-11 0.012
70.5625 1.5E-11 0.012
70.5625 1.5E-11 0.012
72.4375 1.5E-11 0.012
72.4375 1.5E-11 0.012
72.4375 1.5E-11 0.012
72.4375 1.5E-11 0.012
73.6875 1.5E-11 0.012
73.6875 1.51E-11 0.012
73.6875 1.51E-11 0.012
73.6875 1.51E-11 0.012
74.6875 1.51E-11 0.012
74.6875 1.51E-11 0.012
74.6875 1.51E-11 0.012
75.1875 1.51E-11 0.012
75.1875 1.51E-11 0.012
75.375 1.51E-11 0.012
75.5625 1.51E-11 0.012
75.8125 1.51E-11 0.012
75.8125 1.51E-11 0.012
75.8125 1.51E-11 0.012
75.8125 1.52E-11 0.012
76.4375 1.52E-11 0.012
76.4375 1.52E-11 0.012
76.4375 1.52E-11 0.012
76.4375 1.52E-11 0.012
76.75 1.52E-11 0.012
76.75 1.52E-11 0.012
76.75 1.52E-11 0.012
76.8125 1.52E-11 0.012
76.8125 1.52E-11 0.012
76.5 1.52E-11 0.012
76.5 1.52E-11 0.012
76.25 1.52E-11 0.012
75.8125 1.52E-11 0.012
75.8125 1.52E-11 0.012
75.8125 1.52E-11 0.012
76.4375 1.53E-11 0.012
76.4375 1.53E-11 0.012
76.4375 1.53E-11 0.012
76.4375 1.53E-11 0.012
76.9375 1.53E-11 0.012
76.9375 1.53E-11 0.012
76.9375 1.53E-11 0.012
76.9375 1.53E-11 0.012
77.1875 1.53E-11 0.012
77.25 1.53E-11 0.012
77.25 1.53E-11 0.012
77.3125 1.53E-11 0.012
77.375 1.53E-11 0.012
77.375 1.53E-11 0.012
77.375 1.53E-11 0.012
77.375 1.53E-11 0.012
77.5 1.53E-11 0.012
77.5 1.53E-11 0.012
77.5 1.53E-11 0.012
77.5625 1.54E-11 0.012
77.5625 1.54E-11 0.012
77.5625 1.54E-11 0.012
77.5625 1.54E-11 0.012
77.6875 1.54E-11 0.012
77.6875 1.54E-11 0.012
77.6875 1.54E-11 0.012
77.6875 1.54E-11 0.012
77.75 1.54E-11 0.012
77.75 1.54E-11 0.012
77.75 1.54E-11 0.012
77.75 1.54E-11 0.012
77.625 1.54E-11 0.012
77.625 1.54E-11 0.012
77.625 1.54E-11 0.012
77.625 1.54E-11 0.012
77.625 1.54E-11 0.012
77.625 1.54E-11 0.012
77.625 1.54E-11 0.012
77.5 1.54E-11 0.012
77.5 1.54E-11 0.012
77.5 1.54E-11 0.012
77.5 1.54E-11 0.012
77.5 1.55E-11 0.012
77.5 1.55E-11 0.012
77.5 1.55E-11 0.012
77.5 1.55E-11 0.012
77.5 1.55E-11 0.012
77.5 1.55E-11 0.012
77.5 1.55E-11 0.012
77.25 1.55E-11 0.012
77.25 1.55E-11 0.012
77.25 1.55E-11 0.012
77.25 1.55E-11 0.012
77.25 1.55E-11 0.012
77.25 1.55E-11 0.012
77.25 1.55E-11 0.012
77.25 1.55E-11 0.012
77.0625 1.55E-11 0.012
77.0625 1.55E-11 0.012
77.0625 1.55E-11 0.012
77 1.55E-11 0.012
77 1.55E-11 0.012
77 1.55E-11 0.012
76.9375 1.55E-11 0.012
76.9375 1.55E-11 0.012
76.9375 1.55E-11 0.012
76.9375 1.55E-11 0.012
76.8125 1.55E-11 0.012
76.8125 1.56E-11 0.012
76.8125 1.56E-11 0.012
76.75 1.56E-11 0.012
76.75 1.56E-11 0.012
76.75 1.56E-11 0.012
76.75 1.56E-11 0.012
76.5625 1.56E-11 0.012
76.5625 1.56E-11 0.012
76.5625 1.56E-11 0.012
76.5625 1.56E-11 0.012
76.5 1.56E-11 0.012
76.5 1.56E-11 0.012
76.5 1.56E-11 0.012
76.5 1.56E-11 0.012
76.375 1.56E-11 0.012
76.375 1.56E-11 0.012
76.375 1.56E-11 0.012
76.25 1.56E-11 0.012
76.25 1.56E-11 0.012
76.25 1.56E-11 0.012
76.25 1.56E-11 0.012
76.25 1.56E-11 0.012
76.125 1.56E-11 0.012
76.125 1.56E-11 0.012
76.125 1.56E-11 0.012
76 1.57E-11 0.012
76 1.57E-11 0.012
76 1.57E-11 0.012
76 1.57E-11 0.012
75.9375 1.57E-11 0.012
75.9375 1.57E-11 0.012
75.9375 1.57E-11 0.012
75.8125 1.57E-11 0.012
75.8125 1.57E-11 0.012
75.8125 1.57E-11 0.012
75.8125 1.57E-11 0.012
75.75 1.57E-11 0.012
75.75 1.57E-11 0.012
75.75 1.57E-11 0.012
75.75 1.57E-11 0.012
75.4375 1.57E-11 0.012
75.4375 1.57E-11 0.012
75.4375 1.57E-11 0.012
75.375 1.57E-11 0.012
75.375 1.57E-11 0.012
75.375 1.57E-11 0.012
75.375 1.57E-11 0.012
75.3125 1.57E-11 0.012
75.3125 1.57E-11 0.012
75.3125 1.58E-11 0.012
75.3125 1.58E-11 0.012
75.125 1.58E-11 0.012
75.125 1.58E-11 0.012
75.125 1.58E-11 0.012
75.125 1.58E-11 0.012
75 1.58E-11 0.012
75 1.58E-11 0.012
75 1.58E-11 0.012
75 1.58E-11 0.012
74.75 1.58E-11 0.012
74.75 1.58E-11 0.012
74.75 1.58E-11 0.012
74.6875 1.58E-11 0.012
74.6875 1.58E-11 0.012
74.6875 1.58E-11 0.012
74.6875 1.58E-11 0.012
74.4375 1.58E-11 0.012
74.4375 1.58E-11 0.012
74.4375 1.58E-11 0.012
74.4375 1.58E-11 0.012
74.4375 1.58E-11 0.011
74.4375 1.59E-11 0.011
74.4375 1.59E-11 0.011
74.4375 1.59E-11 0.011
74.25 1.59E-11 0.011
74.25 1.59E-11 0.011
74.25 1.59E-11 0.011
74.25 1.59E-11 0.011
74.125 1.59E-11 0.011
74.125 1.59E-11 0.011
74.125 1.59E-11 0.011
73.8125 1.59E-11 0.011
73.8125 1.59E-11 0.011
73.8125 1.59E-11 0.011
73.8125 1.59E-11 0.011
73.625 1.59E-11 0.011
73.625 1.59E-11 0.011
73.625 1.59E-11 0.011
73.625 1.59E-11 0.011
73.25 1.59E-11 0.011
73.25 1.59E-11 0.011
73.25 1.6E-11 0.011
73 1.6E-11 0.011
73 1.6E-11 0.011
72.9375 1.6E-11 0.011
72.875 1.6E-11 0.011
72.8125 1.6E-11 0.011
72.8125 1.6E-11 0.011
72.8125 1.6E-11 0.011
72.8125 1.6E-11 0.011
72.625 1.6E-11 0.011
72.625 1.6E-11 0.011
72.625 1.6E-11 0.011
72.625 1.6E-11 0.011
72.4375 1.6E-11 0.011
72.4375 1.6E-11 0.011
72.4375 1.6E-11 0.011
72.4375 1.6E-11 0.011
72.4375 1.6E-11 0.011
72.4375 1.6E-11 0.011
72.5 1.61E-11 0.011
72.5 1.61E-11 0.011
72.5 1.61E-11 0.011
72.5 1.61E-11 0.011
72.5 1.61E-11 0.011
72.5 1.61E-11 0.011
72.5 1.61E-11 0.011
72.5 1.61E-11 0.011
72.5 1.61E-11 0.011
72.375 1.61E-11 0.011
72.375 1.61E-11 0.011
72.375 1.61E-11 0.011
72.375 1.61E-11 0.011
72.25 1.61E-11 0.011
72.1875 1.61E-11 0.011
72.125 1.61E-11 0.011
72.125 1.61E-11 0.011
72.0625 1.61E-11 0.011
72.0625 1.62E-11 0.011
72.0625 1.62E-11 0.011
72.0625 1.62E-11 0.011
72.0625 1.62E-11 0.011
72.0625 1.62E-11 0.011
72.0625 1.62E-11 0.011
71.875 1.62E-11 0.011
71.875 1.62E-11 0.011
71.875 1.62E-11 0.011
71.875 1.62E-11 0.011
71.75 1.62E-11 0.011
71.75 1.62E-11 0.011
71.75 1.62E-11 0.011
71.75 1.62E-11 0.011
71.6875 1.62E-11 0.011
71.6875 1.62E-11 0.011
71.6875 1.62E-11 0.011
71.4375 1.62E-11 0.011
71.4375 1.63E-11 0.011
71.4375 1.63E-11 0.011
71.4375 1.63E-11 0.011
71.125 1.63E-11 0.011
71.125 1.63E-11 0.011
71.125 1.63E-11 0.011
71.125 1.63E-11 0.011
70.875 1.63E-11 0.011
70.75 1.63E-11 0.011
70.75 1.63E-11 0.011
70.75 1.63E-11 0.011
70.75 1.63E-11 0.011
70.75 1.63E-11 0.011
70.75 1.63E-11 0.011
70.5 1.63E-11 0.011
70.5 1.63E-11 0.011
70.5 1.64E-11 0.011
70.5 1.64E-11 0.011
70.1875 1.64E-11 0.011
70.1875 1.64E-11 0.011
70.1875 1.64E-11 0.011
70.1875 1.64E-11 0.011
69.875 1.64E-11 0.011
69.8125 1.64E-11 0.011
69.8125 1.64E-11 0.011
69.75 1.64E-11 0.011
69.75 1.64E-11 0.011
69.75 1.64E-11 0.011
69.75 1.64E-11 0.011
69.625 1.64E-11 0.011
69.625 1.64E-11 0.011
69.625 1.64E-11 0.011
69.625 1.65E-11 0.011
69.625 1.65E-11 0.011
69.625 1.65E-11 0.011
69.625 1.65E-11 0.011
69.5625 1.65E-11 0.011
69.5625 1.65E-11 0.011
69.5625 1.65E-11 0.011
69.5625 1.65E-11 0.011
69.5 1.65E-11 0.011
69.5 1.65E-11 0.011
69.5 1.65E-11 0.011
69.5 1.65E-11 0.011
69.5 1.65E-11 0.011
69.5 1.65E-11 0.011
69.5 1.65E-11 0.011
69.5 1.66E-11 0.011
69.25 1.66E-11 0.011
69.25 1.66E-11 0.011
69.25 1.66E-11 0.011
69.25 1.66E-11 0.011
69.125 1.66E-11 0.011
69.125 1.66E-11 0.011
69.125 1.66E-11 0.011
69.125 1.66E-11 0.011
68.8125 1.66E-11 0.011
68.8125 1.66E-11 0.011
68.8125 1.66E-11 0.011
68.5 1.66E-11 0.011
68.5 1.66E-11 0.011
68.5 1.67E-11 0.011
68.5 1.67E-11 0.011
68.0625 1.67E-11 0.011
68.0625 1.67E-11 0.011
68.0625 1.67E-11 0.011
68.0625 1.67E-11 0.011
67.875 1.67E-11 0.011
67.875 1.67E-11 0.011
67.875 1.67E-11 0.011
67.875 1.67E-11 0.011
67.75 1.67E-11 0.011
67.75 1.67E-11 0.011
67.75 1.67E-11 0.011
67.6875 1.68E-11 0.011
67.6875 1.68E-11 0.011
67.6875 1.68E-11 0.011
67.6875 1.68E-11 0.011
67.5625 1.68E-11 0.011
67.5625 1.68E-11 0.011
67.5625 1.68E-11 0.011
67.5625 1.68E-11 0.011
67.375 1.68E-11 0.011
67.375 1.68E-11 0.011
67.375 1.68E-11 0.011
67.3125 1.68E-11 0.011
67.25 1.68E-11 0.011
67.25 1.68E-11 0.011
67.25 1.69E-11 0.011
67.125 1.69E-11 0.011
67.125 1.69E-11 0.011
67.125 1.69E-11 0.011
67.125 1.69E-11 0.011
67 1.69E-11 0.011
67 1.69E-11 0.011
67 1.69E-11 0.011
67 1.69E-11 0.011
66.9375 1.69E-11 0.011
66.9375 1.69E-11 0.011
66.9375 1.69E-11 0.011
66.75 1.7E-11 0.011
66.75 1.7E-11 0.011
66.75 1.7E-11 0.011
66.75 1.7E-11 0.011
66.5625 1.7E-11 0.011
66.5625 1.7E-11 0.011
66.5625 1.7E-11 0.011
66.5625 1.7E-11 0.011
66.5 1.7E-11 0.011
66.5 1.7E-11 0.011
66.5 1.7E-11 0.011
66.5 1.7E-11 0.011
66.375 1.7E-11 0.011
66.375 1.71E-11 0.011
66.375 1.71E-11 0.011
66.4375 1.71E-11 0.011
66.4375 1.71E-11 0.011
66.4375 1.71E-11 0.011
66.4375 1.71E-11 0.011
66.125 1.71E-11 0.011
66.125 1.71E-11 0.011
66.125 1.71E-11 0.011
66.125 1.71E-11 0.011
66 1.71E-11 0.011
66 1.71E-11 0.011
66 1.72E-11 0.011
66 1.72E-11 0.011
66 1.72E-11 0.011
66 1.72E-11 0.011
66 1.72E-11 0.011
65.9375 1.72E-11 0.011
65.9375 1.72E-11 0.011
65.9375 1.72E-11 0.011
65.9375 1.72E-11 0.011
65.75 1.72E-11 0.011
65.75 1.72E-11 0.011
65.75 1.72E-11 0.011
65.75 1.72E-11 0.011
65.5625 1.73E-11 0.011
65.5625 1.73E-11 0.011
65.5625 1.73E-11 0.011
65.4375 1.73E-11 0.011
65.4375 1.73E-11 0.011
65.4375 1.73E-11 0.011
65.4375 1.73E-11 0.011
65.25 1.73E-11 0.011
65.1875 1.73E-11 0.011
65.1875 1.73E-11 0.011
65.25 1.73E-11 0.011
65.25 1.74E-11 0.011
65.25 1.74E-11 0.011
65.25 1.74E-11 0.011
65.25 1.74E-11 0.011
65 1.74E-11 0.011
65 1.74E-11 0.011
65 1.74E-11 0.011
64.9375 1.74E-11 0.011
64.9375 1.74E-11 0.011
64.9375 1.74E-11 0.011
64.9375 1.74E-11 0.011
64.8125 1.74E-11 0.011
64.75 1.75E-11 0.011
64.75 1.75E-11 0.011
64.75 1.75E-11 0.011
64.75 1.75E-11 0.011
64.75 1.75E-11 0.011
64.75 1.75E-11 0.011
64.625 1.75E-11 0.011
64.625 1.75E-11 0.011
64.625 1.75E-11 0.011
64.625 1.75E-11 0.011
64.625 1.75E-11 0.011
64.625 1.75E-11 0.011
64.625 1.76E-11 0.011
64.625 1.76E-11 0.011
64.4375 1.76E-11 0.011
64.375 1.76E-11 0.011
64.375 1.76E-11 0.011
64.3125 1.76E-11 0.011
64.4375 1.76E-11 0.011
64.4375 1.76E-11 0.011
64.4375 1.76E-11 0.011
64.4375 1.76E-11 0.011
64.4375 1.76E-11 0.011
64.4375 1.77E-11 0.011
64.4375 1.77E-11 0.011
64.5 1.77E-11 0.011
64.5 1.77E-11 0.011
64.5 1.77E-11 0.011
64.3125 1.77E-11 0.011
64.3125 1.77E-11 0.011
64.25 1.77E-11 0.011
64.1875 1.77E-11 0.011
64.1875 1.77E-11 0.011
64.1875 1.77E-11 0.011
64.1875 1.78E-11 0.011
64.0625 1.78E-11 0.011
64.0625 1.78E-11 0.011
64.0625 1.78E-11 0.011
64.0625 1.78E-11 0.011
64 1.78E-11 0.011
64 1.78E-11 0.011
64 1.78E-11 0.011
64 1.78E-11 0.011
63.9375 1.78E-11 0.011
63.9375 1.79E-11 0.011
63.9375 1.79E-11 0.011
63.75 1.79E-11 0.011
63.75 1.79E-11 0.011
63.75 1.79E-11 0.011
63.75 1.79E-11 0.011
63.8125 1.79E-11 0.011
63.8125 1.79E-11 0.011
63.8125 1.79E-11 0.011
63.8125 1.79E-11 0.011
63.75 1.79E-11 0.011
63.75 1.8E-11 0.011
63.75 1.8E-11 0.011
63.75 1.8E-11 0.011
63.75 1.8E-11 0.011
63.75 1.8E-11 0.011
63.75 1.8E-11 0.011
63.5625 1.8E-11 0.011
63.5625 1.8E-11 0.011
63.5625 1.8E-11 0.011
63.5625 1.8E-11 0.011
63.5 1.8E-11 0.011
63.5 1.81E-11 0.011
63.5 1.81E-11 0.011
63.5 1.81E-11 0.011
63.25 1.81E-11 0.011
63.25 1.81E-11 0.011
63.25 1.81E-11 0.011
63.1875 1.81E-11 0.011
63.1875 1.81E-11 0.011
63.1875 1.81E-11 0.011
63.1875 1.81E-11 0.011
63.0625 1.81E-11 0.011
63.0625 1.82E-11 0.011
63.0625 1.82E-11 0.011
63.0625 1.82E-11 0.011
62.5625 1.82E-11 0.011
62.5625 1.82E-11 0.011
62.5625 1.82E-11 0.011
62.5625 1.82E-11 0.011
62.25 1.82E-11 0.011
62.25 1.82E-11 0.011
62.25 1.82E-11 0.011
62.25 1.82E-11 0.011
62.25 1.82E-11 0.011
62.25 1.83E-11 0.011
62 1.83E-11 0.011
62 1.83E-11 0.011
62 1.83E-11 0.011
62 1.83E-11 0.011
61.875 2.82E-11 0.011
61.875 2.82E-11 0.009
61.875 2.82E-11 0.009
61.875 2.83E-11 0.009
61.75 2.83E-11 0.009
61.75 2.83E-11 0.009
61.75 2.83E-11 0.009
61.75 2.84E-11 0.009
61.6875 2.84E-11 0.009
61.6875 2.84E-11 0.009
61.6875 2.84E-11 0.009
61.6875 2.85E-11 0.009
61.5 2.85E-11 0.009
61.5 2.85E-11 0.009
61.5 2.85E-11 0.009
61.375 2.85E-11 0.009
61.375 2.86E-11 0.009
61.375 2.86E-11 0.009
61.375 2.86E-11 0.009
61.375 2.86E-11 0.009
61.375 2.87E-11 0.009
61.375 2.87E-11 0.009
61.375 2.87E-11 0.009
61.125 2.88E-11 0.009
61.125 2.88E-11 0.009
61.125 2.88E-11 0.009
61.125 2.88E-11 0.009
61.25 2.88E-11 0.009
61.25 2.89E-11 0.009
61.25 2.89E-11 0.009
61.25 2.89E-11 0.009
61.1875 2.89E-11 0.009
61.1875 2.89E-11 0.009
61.1875 2.9E-11 0.009
61.1875 2.9E-11 0.009
61.125 2.9E-11 0.009
61.125 2.9E-11 0.009
61.125 2.9E-11 0.009
61 2.91E-11 0.009
61 2.91E-11 0.009
61 2.91E-11 0.009
61 2.91E-11 0.009
60.875 2.92E-11 0.009
60.875 2.92E-11 0.009
60.875 2.92E-11 0.009
60.875 2.92E-11 0.009
60.625 2.92E-11 0.009
60.625 2.93E-11 0.009
60.625 2.93E-11 0.009
60.5625 2.93E-11 0.009
60.5625 2.93E-11 0.009
60.5625 2.93E-11 0.009
60.5625 2.94E-11 0.009
60.3125 2.94E-11 0.009
60.3125 2.94E-11 0.009
60.3125 2.94E-11 0.009
60.3125 2.95E-11 0.009
60.1875 2.95E-11 0.009
60.1875 2.95E-11 0.009
60.1875 2.95E-11 0.009
60.1875 2.95E-11 0.009
60.1875 2.96E-11 0.009
60.1875 2.96E-11 0.009
60.1875 2.96E-11 0.009
60.25 2.97E-11 0.009
60.25 2.97E-11 0.009
60.25 2.97E-11 0.009
60.25 2.97E-11 0.009
60.25 2.97E-11 0.009
60.25 2.98E-11 0.009
60.25 2.98E-11 0.009
60.25 2.98E-11 0.009
60.25 2.98E-11 0.009
60.25 2.98E-11 0.009
60.25 2.99E-11 0.009
60.25 2.99E-11 0.009
60.25 2.99E-11 0.009
60.25 2.99E-11 0.009
60.25 2.99E-11 0.009
60.125 2.99E-11 0.009
60.125 2.99E-11 0.009
60.125 3E-11 0.009
60 3E-11 0.009
60 3E-11 0.009
60 3E-11 0.009
60 3E-11 0.009
60 3E-11 0.009
59.875 3.01E-11 0.009
59.9375 3.01E-11 0.009
59.75 3.01E-11 0.009
59.75 3.01E-11 0.009
59.75 3.01E-11 0.009
59.75 3.01E-11 0.009
59.6875 3.02E-11 0.009
59.6875 3.02E-11 0.009
59.6875 3.02E-11 0.009
59.6875 3.02E-11 0.009
59.5625 3.02E-11 0.009
59.5625 3.02E-11 0.009
59.5625 3.03E-11 0.009
59.5625 3.03E-11 0.009
59.5 3.03E-11 0.009
59.375 3.03E-11 0.009
59.4375 3.03E-11 0.009
59.375 3.03E-11 0.009
59.375 3.03E-11 0.009
59.375 3.03E-11 0.009
59.375 3.04E-11 0.009
59.3125 3.04E-11 0.009
59.3125 3.04E-11 0.009
59.3125 3.04E-11 0.009
59.3125 3.04E-11 0.009
59.25 3.04E-11 0.009
59.25 3.05E-11 0.009
59.25 3.05E-11 0.009
59.25 3.05E-11 0.009
59.125 3.05E-11 0.009
59.125 3.05E-11 0.009
59.0625 3.05E-11 0.009
59 3.06E-11 0.009
59 3.06E-11 0.009
59 3.06E-11 0.009
59 3.06E-11 0.009
58.875 3.06E-11 0.009
58.875 3.06E-11 0.009
58.875 3.06E-11 0.009
58.875 3.07E-11 0.009
58.6875 3.07E-11 0.009
58.6875 3.07E-11 0.009
58.6875 3.07E-11 0.009
58.6875 3.07E-11 0.009
58.625 3.08E-11 0.009
58.625 3.08E-11 0.009
58.625 3.08E-11 0.009
58.5 3.08E-11 0.009
58.5 3.08E-11 0.009
58.5 3.08E-11 0.009
58.5 3.09E-11 0.009
58.5 3.09E-11 0.009
58.5 3.09E-11 0.009
58.5 3.09E-11 0.009
58.5 3.09E-11 0.009
58.25 3.1E-11 0.009
58.25 3.1E-11 0.009
58.25 3.1E-11 0.009
58.25 3.1E-11 0.009
58.25 3.1E-11 0.009
58.25 3.1E-11 0.009
58.25 3.11E-11 0.009
58.125 3.11E-11 0.009
58.125 3.11E-11 0.009
58.125 3.11E-11 0.009
58.125 3.11E-11 0.009
58 3.12E-11 0.009
58 3.12E-11 0.009
58 3.12E-11 0.009
58 3.12E-11 0.009
57.9375 3.12E-11 0.009
57.9375 3.13E-11 0.009
57.9375 3.13E-11 0.009
57.9375 3.13E-11 0.009
57.8125 3.13E-11 0.009
57.8125 3.13E-11 0.009
57.8125 3.14E-11 0.009
57.8125 3.14E-11 0.009
57.6875 3.14E-11 0.009
57.6875 3.14E-11 0.009
57.6875 3.14E-11 0.009
57.6875 3.15E-11 0.009
57.625 3.15E-11 0.009
57.625 3.15E-11 0.009
57.625 3.15E-11 0.009
57.5 3.15E-11 0.009
57.5 3.16E-11 0.009
57.5 3.16E-11 0.009
57.5 3.16E-11 0.009
57.25 3.16E-11 0.009
57.25 3.16E-11 0.009
57.25 3.17E-11 0.009
57.3125 3.17E-11 0.009
57.3125 3.17E-11 0.009
57.3125 3.17E-11 0.009
57.3125 3.17E-11 0.009
57.25 3.18E-11 0.009
57.25 3.18E-11 0.009
57.25 3.18E-11 0.009
57.25 3.18E-11 0.009
57 3.18E-11 0.009
57 3.19E-11 0.009
57 3.19E-11 0.009
56.9375 3.19E-11 0.009
56.9375 3.19E-11 0.009
56.9375 3.2E-11 0.009
56.9375 3.2E-11 0.009
56.875 3.2E-11 0.009
56.875 3.2E-11 0.009
56.875 3.2E-11 0.009
56.875 3.21E-11 0.009
56.8125 3.21E-11 0.009
56.8125 3.21E-11 0.009
56.8125 3.22E-11 0.009
56.6875 3.22E-11 0.009
56.6875 3.22E-11 0.009
56.6875 3.22E-11 0.01
56.6875 3.22E-11 0.01
56.6875 3.23E-11 0.01
56.6875 3.23E-11 0.01
56.6875 3.23E-11 0.01
56.6875 3.23E-11 0.01
56.5 3.24E-11 0.01
56.5 3.24E-11 0.01
56.5 3.24E-11 0.01
56.5 3.24E-11 0.01
56.5 3.24E-11 0.01
56.5 3.25E-11 0.01
56.5 3.25E-11 0.01
56.5 3.25E-11 0.01
56.25 3.25E-11 0.01
56.25 3.26E-11 0.01
56.25 3.26E-11 0.01
56.25 3.26E-11 0.01
56.25 3.26E-11 0.01
56.25 3.26E-11 0.01
56.25 3.27E-11 0.01
56.0625 3.27E-11 0.01
56.0625 3.27E-11 0.01
56.0625 3.27E-11 0.01
56.0625 3.28E-11 0.01
56 3.28E-11 0.01
56 3.28E-11 0.01
56 3.29E-11 0.01
56 3.29E-11 0.01
55.8125 3.29E-11 0.01
55.8125 3.29E-11 0.01
55.8125 3.29E-11 0.01
55.75 3.3E-11 0.01
55.75 3.3E-11 0.01
55.75 3.3E-11 0.01
55.75 3.3E-11 0.01
55.6875 3.31E-11 0.01
55.6875 3.31E-11 0.01
55.6875 3.31E-11 0.01
55.6875 3.31E-11 0.01
55.5625 3.32E-11 0.01
55.5625 3.32E-11 0.01
55.5625 3.32E-11 0.01
55.375 3.33E-11 0.01
55.375 3.33E-11 0.01
55.375 3.33E-11 0.01
55.375 3.33E-11 0.01
55.3125 3.34E-11 0.01
55.3125 3.34E-11 0.01
55.3125 3.34E-11 0.01
55.3125 3.34E-11 0.01
55.3125 3.35E-11 0.01
55.25 3.35E-11 0.01
55.1875 3.35E-11 0.01
55.1875 3.35E-11 0.01
55.1875 3.35E-11 0.01
55.1875 3.36E-11 0.01
55.1875 3.36E-11 0.01
55.0625 3.36E-11 0.01
55.0625 3.36E-11 0.01
55.0625 3.37E-11 0.01
55.0625 3.37E-11 0.01
55 3.37E-11 0.01
55 3.38E-11 0.01
55 3.38E-11 0.01
55 3.38E-11 0.01
54.875 3.38E-11 0.01
54.875 3.39E-11 0.01
54.875 3.39E-11 0.01
54.75 3.39E-11 0.01
54.75 3.4E-11 0.01
54.6875 3.4E-11 0.01
54.6875 3.4E-11 0.01
54.6875 3.41E-11 0.01
54.6875 3.41E-11 0.01
54.5625 3.41E-11 0.01
54.5625 3.41E-11 0.01
54.5625 3.42E-11 0.01
54.5625 3.42E-11 0.01
54.5625 3.42E-11 0.01
54.5625 3.42E-11 0.01
54.5625 3.43E-11 0.01
54.5 3.43E-11 0.01
54.25 3.43E-11 0.01
54.25 3.43E-11 0.01
54.375 3.44E-11 0.01
54.375 3.44E-11 0.01
54.375 3.44E-11 0.01
54.3125 3.45E-11 0.01
54.3125 3.45E-11 0.01
54.3125 3.45E-11 0.01
54.3125 3.45E-11 0.01
54.0625 3.46E-11 0.01
54.0625 3.46E-11 0.01
54.0625 3.47E-11 0.01
54.0625 3.47E-11 0.01
54 3.47E-11 0.01
54 3.47E-11 0.01
54 3.48E-11 0.01
54 3.48E-11 0.01
54 3.48E-11 0.01
54 3.48E-11 0.01
54 3.49E-11 0.01
53.875 3.49E-11 0.01
53.875 3.5E-11 0.01
53.875 3.5E-11 0.01
53.875 3.5E-11 0.01
53.875 3.5E-11 0.01
53.8125 3.51E-11 0.01
53.8125 3.51E-11 0.01
53.8125 3.51E-11 0.01
53.5625 3.51E-11 0.01
53.5625 4.51E-11 0.01
53.5 4.51E-11 0.01
53.375 4.52E-11 0.012
53.375 4.53E-11 0.011
53.25 4.53E-11 0.011
53.25 4.54E-11 0.011
53.25 4.56E-11 0.011
53.25 4.56E-11 0.011
53.1875 4.57E-11 0.011
53.1875 4.58E-11 0.011
53.1875 4.58E-11 0.011
53.1875 4.59E-11 0.011
53 4.6E-11 0.011
53 4.62E-11 0.011
53 4.62E-11 0.011
53 4.63E-11 0.011
52.8125 4.64E-11 0.011
52.8125 4.64E-11 0.011
52.8125 4.65E-11 0.011
52.8125 4.67E-11 0.011
52.75 4.68E-11 0.011
52.75 4.68E-11 0.011
52.75 4.69E-11 0.011
52.75 4.7E-11 0.011
52.6875 4.71E-11 0.011
52.6875 4.71E-11 0.011
52.6875 4.72E-11 0.011
52.6875 4.73E-11 0.011
52.6875 4.73E-11 0.011
52.5625 4.74E-11 0.011
52.5625 4.75E-11 0.011
52.5625 4.76E-11 0.011
52.5625 4.76E-11 0.011
52.4375 4.77E-11 0.011
52.4375 4.78E-11 0.011
52.4375 4.8E-11 0.011
52.4375 4.8E-11 0.011
52.3125 4.81E-11 0.011
52.3125 4.82E-11 0.011
52.3125 4.82E-11 0.011
52.3125 4.83E-11 0.011
52.3125 4.84E-11 0.011
52.125 4.85E-11 0.011
52.125 4.85E-11 0.011
52.125 4.86E-11 0.011
52.125 4.87E-11 0.011
52.125 4.87E-11 0.011
52.125 4.87E-11 0.011
52.125 4.88E-11 0.011
52.125 4.89E-11 0.011
52.125 4.89E-11 0.011
52.25 4.9E-11 0.012
52.25 4.91E-11 0.012
52.25 4.91E-11 0.012
52.25 4.91E-11 0.012
52.1875 4.92E-11 0.012
52.1875 4.93E-11 0.012
52.1875 4.94E-11 0.012
52.1875 4.94E-11 0.012
52 4.94E-11 0.012
52 4.95E-11 0.012
52 4.95E-11 0.012
52 4.96E-11 0.012
52 4.96E-11 0.012
52 4.97E-11 0.012
52 4.97E-11 0.012
52 4.97E-11 0.012
51.8125 4.98E-11 0.012
51.8125 4.99E-11 0.012
51.8125 4.99E-11 0.012
51.8125 5E-11 0.012
51.8125 5E-11 0.012
51.5 5E-11 0.012
51.5 5.01E-11 0.012
51.5 5.02E-11 0.012
51.5 5.03E-11 0.012
51.1875 5.03E-11 0.012
51.1875 5.03E-11 0.012
51.1875 5.04E-11 0.012
51.1875 5.04E-11 0.012
51 5.05E-11 0.012
51 5.06E-11 0.012
51 5.07E-11 0.012
51 5.07E-11 0.012
51.125 5.08E-11 0.012
51.125 5.09E-11 0.012
51.125 5.1E-11 0.012
51.125 5.1E-11 0.012
51.125 5.11E-11 0.012
51.0625 5.12E-11 0.012
51.0625 5.13E-11 0.012
51.0625 5.13E-11 0.012
51.0625 5.13E-11 0.012
51.0625 5.14E-11 0.012
51.0625 5.14E-11 0.012
51.0625 5.15E-11 0.012
51.0625 5.16E-11 0.012
51 5.17E-11 0.012
51 5.17E-11 0.012
51 5.18E-11 0.012
51 5.19E-11 0.012
51.0625 5.19E-11 0.012
51.0625 5.19E-11 0.012
51.0625 5.2E-11 0.012
51.0625 5.21E-11 0.012
50.875 5.21E-11 0.012
50.875 5.22E-11 0.012
50.875 5.23E-11 0.012
50.875 5.23E-11 0.012
50.875 5.23E-11 0.012
50.875 5.24E-11 0.012
50.875 5.25E-11 0.012
50.875 5.25E-11 0.012
50.75 5.25E-11 0.012
50.75 5.26E-11 0.012
50.75 5.27E-11 0.012
50.75 5.27E-11 0.012
50.75 5.28E-11 0.012
50.75 5.28E-11 0.012
50.75 5.29E-11 0.012
50.75 5.29E-11 0.012
50.75 5.3E-11 0.012
50.5625 5.31E-11 0.012
50.5625 5.31E-11 0.012
50.5625 5.31E-11 0.012
50.5625 5.32E-11 0.012
50.5 5.33E-11 0.012
50.5 5.33E-11 0.012
50.5 5.33E-11 0.012
50.5 5.34E-11 0.012
50.5 5.35E-11 0.012
50.5 5.35E-11 0.012
50.5 5.35E-11 0.012
50.5 5.36E-11 0.012
50.4375 5.36E-11 0.012
50.4375 5.37E-11 0.012
50.4375 5.38E-11 0.012
50.4375 5.38E-11 0.012
50.375 5.38E-11 0.012
50.375 5.39E-11 0.012
50.3125 5.4E-11 0.012
50.25 5.4E-11 0.012
50.375 5.4E-11 0.012
50.375 5.41E-11 0.012
50.375 5.42E-11 0.012
50.375 5.42E-11 0.012
50.125 5.42E-11 0.012
50.125 5.43E-11 0.012
50.125 5.44E-11 0.012
50.125 5.44E-11 0.012
50.0625 5.45E-11 0.012
50.0625 5.45E-11 0.012
50.0625 5.46E-11 0.012
50.0625 5.46E-11 0.012
50.0625 5.47E-11 0.012
50 5.47E-11 0.012
49.875 5.47E-11 0.012
49.875 5.48E-11 0.012
49.875 5.49E-11 0.012
49.9375 5.5E-11 0.012
49.9375 5.5E-11 0.012
49.9375 5.5E-11 0.012
49.9375 5.51E-11 0.012
49.8125 5.52E-11 0.012
49.8125 5.52E-11 0.012
49.8125 5.53E-11 0.012
49.8125 5.54E-11 0.012
49.8125 5.54E-11 0.012
49.75 5.54E-11 0.012
49.75 5.55E-11 0.012
49.75 5.56E-11 0.012
49.75 5.56E-11 0.012
49.75 6.55E-11 0.012
49.75 6.56E-11 0.014
49.75 6.57E-11 0.014
49.75 6.57E-11 0.014
49.5 6.58E-11 0.014
49.5 6.59E-11 0.014
49.5 6.59E-11 0.014
49.5 6.6E-11 0.014
49.5 6.61E-11 0.014
49.5 6.62E-11 0.014
49.5 6.62E-11 0.014
49.5 6.63E-11 0.014
49.4375 6.64E-11 0.014
49.4375 6.65E-11 0.014
49.4375 6.65E-11 0.014
49.4375 6.66E-11 0.014
49.4375 6.67E-11 0.014
49.4375 6.67E-11 0.014
49.4375 6.68E-11 0.014
49.4375 6.69E-11 0.014
49.25 6.7E-11 0.014
49.25 6.7E-11 0.014
49.25 6.72E-11 0.014
49.25 6.73E-11 0.014
49.25 6.73E-11 0.014
49.25 6.74E-11 0.014
49.25 6.75E-11 0.014
49.25 6.76E-11 0.014
49.25 6.76E-11 0.014
49 6.77E-11 0.014
49 6.79E-11 0.014
49 6.8E-11 0.014
49 6.8E-11 0.014
49 6.81E-11 0.014
49 6.82E-11 0.014
49 6.82E-11 0.014
49 6.83E-11 0.015
48.875 6.84E-11 0.015
48.875 6.86E-11 0.015
48.875 6.86E-11 0.015
48.75 6.87E-11 0.015
48.75 6.88E-11 0.015
48.75 6.89E-11 0.015
48.75 6.89E-11 0.015
48.75 6.91E-11 0.015
48.6875 6.92E-11 0.015
48.6875 6.92E-11 0.015
48.6875 6.93E-11 0.015
48.6875 6.94E-11 0.015
48.6875 6.96E-11 0.015
48.6875 6.96E-11 0.015
48.6875 6.97E-11 0.015
48.6875 6.98E-11 0.015
48.4375 7E-11 0.015
48.4375 7E-11 0.015
48.4375 7.01E-11 0.015
48.4375 7.02E-11 0.015
48.4375 7.02E-11 0.015
48.4375 7.04E-11 0.015
48.4375 7.05E-11 0.015
48.4375 7.06E-11 0.015
48.4375 7.06E-11 0.015
48.3125 7.08E-11 0.015
48.3125 7.09E-11 0.015
48.3125 7.1E-11 0.015
48.3125 7.1E-11 0.015
48.3125 7.12E-11 0.015
48.3125 7.13E-11 0.015
48.3125 7.13E-11 0.015
48.3125 7.15E-11 0.015
48.0625 7.16E-11 0.015
48.0625 7.18E-11 0.015
48.0625 7.18E-11 0.015
48.125 7.19E-11 0.015
48.125 7.2E-11 0.015
48.125 7.22E-11 0.015
48.125 7.22E-11 0.015
48.125 7.23E-11 0.015
47.875 7.25E-11 0.015
47.875 7.25E-11 0.015
47.875 7.26E-11 0.015
47.875 7.28E-11 0.015
47.875 7.3E-11 0.015
47.875 7.3E-11 0.015
47.875 7.31E-11 0.015
47.875 8.32E-11 0.015
47.75 8.34E-11 0.017
47.75 8.34E-11 0.017
47.75 8.37E-11 0.017
47.75 8.4E-11 0.017
47.75 8.42E-11 0.017
47.75 8.42E-11 0.017
47.75 8.45E-11 0.017
47.75 8.47E-11 0.017
47.75 8.47E-11 0.017
47.5 8.5E-11 0.017
47.5 8.52E-11 0.017
47.5 8.55E-11 0.017
47.5 8.55E-11 0.017
47.5 8.57E-11 0.017
47.5 8.59E-11 0.017
47.5 8.59E-11 0.017
47.5 8.61E-11 0.017
47.5 8.63E-11 0.017
47.5 8.64E-11 0.017
47.5 8.64E-11 0.017
47.4375 8.66E-11 0.017
47.4375 8.68E-11 0.017
47.375 8.69E-11 0.017
47.375 8.69E-11 0.017
47.375 8.71E-11 0.017
47.25 8.73E-11 0.017
47.25 8.73E-11 0.017
47.25 8.75E-11 0.018
47.25 8.76E-11 0.018
47.25 8.78E-11 0.018
47.25 8.78E-11 0.018
47.25 8.8E-11 0.018
47.25 8.82E-11 0.018
47.125 8.84E-11 0.018
47.125 8.84E-11 0.018
47.125 8.85E-11 0.018
47.125 8.87E-11 0.018
47.125 8.87E-11 0.018
47.125 8.89E-11 0.018
47.125 8.91E-11 0.018
47.125 8.93E-11 0.018
47.125 8.93E-11 0.018
46.9375 8.95E-11 0.018
46.9375 8.97E-11 0.018
46.9375 8.99E-11 0.018
46.9375 8.99E-11 0.018
46.9375 9.01E-11 0.018
46.9375 9.03E-11 0.018
46.9375 9.03E-11 0.018
46.9375 9.05E-11 0.018
46.75 9.07E-11 0.018
46.75 9.09E-11 0.018
46.75 9.09E-11 0.018
46.75 9.11E-11 0.018
46.75 9.13E-11 0.018
46.8125 9.15E-11 0.018
46.8125 9.15E-11 0.018
46.8125 9.17E-11 0.018
46.75 9.19E-11 0.018
46.75 9.19E-11 0.018
46.75 9.21E-11 0.018
46.75 9.23E-11 0.018
46.75 9.25E-11 0.018
46.75 9.25E-11 0.018
46.75 1.026E-10 0.018
46.75 1.028E-10 0.02
46.5 1.03E-10 0.02
46.5 1.03E-10 0.02
46.5 1.033E-10 0.02
46.5 1.035E-10 0.02
46.5 1.038E-10 0.02
46.5 1.038E-10 0.02
46.5 1.04E-10 0.02
46.5 1.043E-10 0.02
46.5 1.043E-10 0.02
46.3125 1.046E-10 0.02
46.3125 1.048E-10 0.02
46.3125 1.051E-10 0.02
46.3125 1.051E-10 0.02
46.3125 1.054E-10 0.02
46.3125 1.056E-10 0.02
46.3125 1.059E-10 0.02
46.3125 1.059E-10 0.02
46.1875 1.062E-10 0.02
46.1875 1.064E-10 0.02
46.1875 1.064E-10 0.02
46.1875 1.067E-10 0.02
46.1875 1.07E-10 0.02
46.1875 1.073E-10 0.02
46.1875 1.073E-10 0.02
46.1875 1.076E-10 0.02
46.0625 1.078E-10 0.02
46.0625 1.081E-10 0.021
46.0625 1.081E-10 0.021
46.0625 1.084E-10 0.021
46.0625 1.087E-10 0.021
46.0625 1.087E-10 0.021
46.0625 1.09E-10 0.021
46.0625 1.093E-10 0.021
45.875 1.096E-10 0.021
45.875 1.096E-10 0.021
45.875 1.098E-10 0.021
45.875 1.101E-10 0.021
45.875 1.104E-10 0.021
45.875 1.104E-10 0.021
45.875 1.108E-10 0.021
45.875 1.111E-10 0.021
45.875 1.111E-10 0.021
45.75 1.212E-10 0.021
45.75 1.215E-10 0.023
45.75 1.219E-10 0.023
45.75 1.219E-10 0.023
45.75 1.222E-10 0.023
45.75 1.226E-10 0.023
45.75 1.23E-10 0.023
45.75 1.23E-10 0.023
45.5 1.234E-10 0.023
45.5 1.239E-10 0.023
45.5 1.243E-10 0.023
45.5 1.243E-10 0.023
45.5 1.248E-10 0.023
45.5 1.252E-10 0.023
45.5 1.252E-10 0.023
45.5 1.257E-10 0.023
45.3125 1.261E-10 0.023
45.3125 1.265E-10 0.023
45.3125 1.265E-10 0.023
45.3125 1.27E-10 0.023
45.3125 1.274E-10 0.023
45.3125 1.278E-10 0.024
45.3125 1.278E-10 0.024
45.3125 1.283E-10 0.024
45.25 1.287E-10 0.024
45.25 1.287E-10 0.024
45.25 1.291E-10 0.024
45.25 1.296E-10 0.024
45.25 1.3E-10 0.024
45.25 1.3E-10 0.024
45.25 1.402E-10 0.024
45.25 1.406E-10 0.025
45.0625 1.41E-10 0.025
45.0625 1.41E-10 0.025
45.0625 1.415E-10 0.025
45.0625 1.42E-10 0.025
45.0625 1.42E-10 0.025
45.0625 1.424E-10 0.026
45.0625 1.43E-10 0.026
45.0625 1.435E-10 0.026
45.0625 1.435E-10 0.026
45 1.44E-10 0.026
45 1.445E-10 0.026
45 1.451E-10 0.026
45 1.451E-10 0.026
45 1.456E-10 0.026
45 1.462E-10 0.026
45 1.462E-10 0.026
45 1.467E-10 0.026
44.75 1.473E-10 0.026
44.75 1.478E-10 0.026
44.75 1.478E-10 0.026
44.75 1.484E-10 0.026
44.75 1.585E-10 0.026
44.75 1.592E-10 0.028
44.75 1.592E-10 0.028
44.75 1.598E-10 0.028
44.625 1.604E-10 0.028
44.625 1.604E-10 0.028
44.625 1.61E-10 0.028
44.625 1.616E-10 0.028
44.625 1.623E-10 0.028
44.625 1.623E-10 0.028
44.625 1.629E-10 0.028
44.625 1.635E-10 0.029
44.5 1.642E-10 0.029
44.5 1.642E-10 0.029
44.5 1.65E-10 0.029
44.5 1.658E-10 0.029
44.5 1.658E-10 0.029
44.5 1.761E-10 0.029
44.5 1.768E-10 0.03
44.5 1.774E-10 0.03
44.5 1.774E-10 0.03
44.375 1.781E-10 0.03
44.375 1.787E-10 0.031
44.375 1.794E-10 0.031
44.375 1.794E-10 0.031
44.375 1.801E-10 0.031
44.375 1.808E-10 0.031
44.375 1.808E-10 0.031
44.375 1.815E-10 0.031
44.25 1.822E-10 0.031
44.25 1.829E-10 0.031
44.25 1.829E-10 0.031
44.25 1.836E-10 0.031
44.25 1.844E-10 0.031
44.25 1.95E-10 0.031
44.25 1.95E-10 0.031
44.25 1.959E-10 0.033
44.0625 1.968E-10 0.033
44.0625 1.968E-10 0.033
44.0625 1.976E-10 0.033
44.0625 1.985E-10 0.033
44.0625 1.995E-10 0.033
44.0625 1.995E-10 0.033
44.0625 2.004E-10 0.033
44.0625 2.014E-10 0.034
43.875 2.024E-10 0.034
43.875 2.024E-10 0.034
43.875 2.132E-10 0.034
43.875 2.144E-10 0.035
43.875 2.157E-10 0.036
43.875 2.157E-10 0.036
43.875 2.171E-10 0.036
43.875 2.186E-10 0.036
43.875 2.186E-10 0.036
43.625 2.2E-10 0.036
43.625 2.302E-10 0.036
43.625 2.315E-10 0.037
43.625 2.315E-10 0.037
43.625 2.33E-10 0.038
43.625 2.348E-10 0.038
43.625 2.367E-10 0.038
43.625 2.367E-10 0.038
43.5 2.477E-10 0.038
43.5 2.499E-10 0.04
43.5 2.499E-10 0.04
43.5 2.524E-10 0.04
43.5 2.625E-10 0.04
43.5 2.654E-10 0.042
43.5 2.654E-10 0.042
43.5 2.686E-10 0.042
43.3125 2.824E-10 0.042
43.3125 2.861E-10 0.045
43.3125 2.861E-10 0.045
43.3125 2.981E-10 0.045
43.3125 3.02E-10 0.047
43.3125 3.02E-10 0.047
43.3125 3.145E-10 0.048
43.3125 3.185E-10 0.05
42.875 3.303E-10 0.05
42.875 3.303E-10 0.05
42.875 3.346E-10 0.052
42.875 3.466E-10 0.052
42.875 3.502E-10 0.051
42.875 3.502E-10 0.051
42.875 3.611E-10 0.05
42.875 3.65E-10 0.045
43 3.767E-10 0.042
43 3.767E-10 0.042
43 3.871E-10 0.033
43 3.916E-10 0.027
43 4.049E-10 0.021
43 4.199E-10 0.055
43 4.199E-10 0.055
43 4.311E-10 0.056
42.5625 4.422E-10 0.057
42.5625 4.532E-10 0.058
42.5625 4.576E-10 0.059
42.5625 4.717E-10 0.06
42.5625 4.765E-10 0.061
42.5625 4.96E-10 0.062
42.5625 5.129E-10 0.064
42.5625 5.288E-10 0.064
42.5625 5.288E-10 0.064
42.5625 5.462E-10 0.066
42.5625 5.651E-10 0.067
42.5625 5.847E-10 0.069
42.5625 6.056E-10 0.07
42.375 6.282E-10 0.072
42.375 6.515E-10 0.074
42.375 6.77E-10 0.075
42.375 7.05E-10 0.077
42.375 7.05E-10 0.077
42.375 7.34E-10 0.079
42.375 7.667E-10 0.082
42.0625 8.015E-10 0.084
42.0625 8.406E-10 0.086
42.0625 8.873E-10 0.089
42.0625 9.281E-10 0.091
42.0625 9.638E-10 0.094
42.0625 1.0234E-09 0.098
42 1.102E-09 0.103
42 1.102E-09 0.103
42 1.1804E-09 0.106
41.9375 1.2696E-09 0.113
41.9375 1.393E-09 0.12
41.875 1.533E-09 0.129
41.875 1.6882E-09 0.139
41.875 1.8779E-09 0.152
41.875 2E-08 0
41.875 2.278E-09 0.171
41.875 2.576E-09 0.182
41.875 2.91E-09 0.194
41.875 3.276E-09 0.21
41.9375 3.624E-09 0.224
41.9375 3.624E-09 0.224
41.9375 3.885E-09 0.242
41.9375 4.073E-09 0.255
41.9375 4.12E-09 0.261
41.9375 4.148E-09 0.265
41.9375 4.171E-09 0.271
41.8125 4.276E-09 0.278
41.8125 4.241E-09 0.312
41.8125 4.104E-09 0.312
41.8125 4.003E-09 0.309
41.8125 4.003E-09 0.309
41.8125 3.901E-09 0.307
41.8125 3.864E-09 0.299
41.5625 3.84E-09 0.295
41.5625 3.831E-09 0.292
41.625 3.832E-09 0.291
41.625 3.831E-09 0.291
41.6875 3.722E-09 0.292
41.6875 3.551E-09 0.309
41.6875 3.551E-09 0.309
41.75 3.33E-09 0.327
41.75 3.09E-09 0.353
41.75 2.866E-09 0.381
41.75 2.677E-09 0.404
41.75 2.523E-09 0.419
41.75 2.388E-09 0.428
41.6875 2.262E-09 0.433
41.6875 2.152E-09 0.426
41.6875 2.045E-09 0.407
41.6875 2.045E-09 0.407
41.6875 1.936E-09 0.385
41.6875 1.828E-09 0.362
41.6875 1.727E-09 0.344
41.375 1.624E-09 0.329
41.375 1.531E-10 0
41.375 1.4906E-09 0.312
41.375 1.4043E-09 0.302
41.375 1.3296E-09 0.294
41.375 1.2499E-09 0.285
41.25 1.1793E-09 0.277
41.25 1.1173E-09 0.271
41.25 1.0606E-09 0.265
41.25 1.0092E-09 0.26
41.25 1.0092E-09 0.26
41.25 9.609E-10 0.255
41.25 9.166E-10 0.25
41.125 8.785E-10 0.247
41.125 8.412E-10 0.244
41.125 8.061E-10 0.241
41.125 7.747E-10 0.238
41.125 7.47E-10 0.236
41.125 7.205E-10 0.233
41.125 7.205E-10 0.233
41 6.958E-10 0.231
41 6.727E-10 0.228
41 6.531E-10 0.227
41 6.355E-10 0.225
41 6.192E-10 0.223
41 6.033E-10 0.221
41 5.888E-10 0.22
41 5.751E-10 0.218
41 5.622E-10 0.217
41 5.622E-10 0.217
41 5.495E-10 0.215
41 5.375E-10 0.214
41 5.258E-10 0.213
40.875 5.142E-10 0.211
40.875 5.033E-10 0.21
40.875 4.929E-10 0.21
40.875 4.816E-10 0.209
40.875 4.711E-10 0.207
40.875 4.664E-10 0.206
40.875 4.664E-10 0.206
40.75 4.526E-10 0.206
40.75 4.484E-10 0.205
40.75 4.359E-10 0.204
40.75 4.318E-10 0.202
40.75 4.199E-10 0.202
40.75 4.162E-10 0.201
40.5625 4.051E-10 0.2
40.5625 4.018E-10 0.199
40.5625 4.018E-10 0.199
40.5625 3.919E-10 0.199
40.5625 3.886E-10 0.197
40.5625 3.855E-10 0.197
40.5625 3.733E-10 0.197
40.5 3.704E-10 0.195
40.5 3.675E-10 0.195
40.5 3.566E-10 0.194
40.5 3.54E-10 0.192
40.5 3.54E-10 0.192
40.5 3.516E-10 0.192
40.5 3.494E-10 0.194
40.25 3.369E-10 0.195
40.25 3.369E-10 0.195
40.25 3.341E-10 0.197
40.25 3.315E-10 0.197
40.25 3.315E-10 0.197
40.25 3.211E-10 0.196
40.25 3.186E-10 0.193
40.25 3.163E-10 0.193
40.25 3.163E-10 0.193
40.125 3.14E-10 0.192
40.125 3.029E-10 0.192
40.125 3.008E-10 0.189
40.125 3.008E-10 0.189
40.125 2.988E-10 0.189
40.125 2.968E-10 0.189
40.125 2.968E-10 0.189
40.125 2.868E-10 0.188
40.0625 2.848E-10 0.186
40.0625 2.822E-10 0.187
40.0625 2.822E-10 0.187
40.0625 2.652E-10 0.187
40.0625 2.545E-10 0.186
40.0625 2.528E-10 0.176
40.0625 2.528E-10 0.176
40.0625 2.327E-10 0.181
36.75 2.134E-10 0.188
36.75 2.134E-10 0.188
36.75 2.088E-10 0.187
36.75 1.953E-10 0.186
36.75 1.915E-10 0.185
36.75 1.915E-10 0.185
36.75 1.883E-10 0.185
36.75 1.784E-10 0.184
35.875 1.765E-10 0.184
35.875 1.765E-10 0.184
35.875 1.742E-10 0.184
35.875 1.722E-10 0.183
35.875 1.722E-10 0.183
35.875 1.705E-10 0.183
35.875 1.689E-10 0.183
35.875 1.582E-10 0.183
35.875 1.582E-10 0.183
36.3125 1.569E-10 0.181
36.3125 1.557E-10 0.181
36.0625 1.548E-10 0.183
36.0625 1.548E-10 0.183
36.0625 1.528E-10 0.184
35.3125 1.423E-10 0.184
35.3125 1.423E-10 0.184
35.3125 1.41E-10 0.185
35.25 1.4E-10 0.185
35.25 1.39E-10 0.185
35.25 1.39E-10 0.185
35.25 1.382E-10 0.185
35.25 1.373E-10 0.185
35.25 1.364E-10 0.185
35.25 1.364E-10 0.185
35.25 1.355E-10 0.185
35.875 1.348E-10 0.185
35.875 1.348E-10 0.185
35.875 1.34E-10 0.185
35.875 1.332E-10 0.185
35.875 1.326E-10 0.185
35.875 1.326E-10 0.185
35.875 1.319E-10 0.185
35.875 1.313E-10 0.184
36.0625 1.307E-10 0.184
36.0625 1.307E-10 0.184
36.0625 1.302E-10 0.184
36.0625 1.297E-10 0.184
36.0625 1.292E-10 0.184
36.0625 1.292E-10 0.184
36.0625 1.288E-10 0.184
36.0625 1.283E-10 0.184
36.0625 1.283E-10 0.184
35.8125 1.279E-10 0.183
35.8125 1.275E-10 0.183
35.5625 1.168E-10 0.183
35.5625 1.168E-10 0.183
35.5625 1.16E-10 0.184
35.1875 1.156E-10 0.184
35.1875 1.153E-10 0.183
35.1875 1.153E-10 0.183
35.375 1.15E-10 0.183
35.375 1.148E-10 0.183
35.375 1.148E-10 0.183
35.375 1.145E-10 0.183
35.375 1.143E-10 0.183
35.375 1.14E-10 0.183
35.375 1.14E-10 0.183
35.375 1.138E-10 0.182
35.25 1.135E-10 0.182
35.25 1.132E-10 0.182
35.25 1.132E-10 0.182
35.25 1.129E-10 0.182
35.25 1.126E-10 0.182
35.25 1.126E-10 0.182
35.25 1.123E-10 0.182
35.25 1.12E-10 0.182
35 1.117E-10 0.182
35 1.117E-10 0.182
35 1.114E-10 0.183
35 1.111E-10 0.183
35 1.108E-10 0.183
35 1.108E-10 0.183
35 1.105E-10 0.183
35 1.102E-10 0.183
35 1.102E-10 0.183
34.5625 1.1E-10 0.183
34.5625 1.097E-10 0.183
34.5625 1.094E-10 0.183
34.5625 1.094E-10 0.183
34.5625 1.092E-10 0.183
34.5 1.089E-10 0.183
34.5 1.086E-10 0.183
34.5 1.086E-10 0.183
34.4375 1.084E-10 0.183
34.4375 1.081E-10 0.183
34.4375 1.081E-10 0.183
34.4375 1.079E-10 0.183
34.4375 1.076E-10 0.183
34.4375 1.074E-10 0.183
34.4375 1.074E-10 0.183
34.875 1.072E-10 0.183
34.875 1.07E-10 0.183
34.875 1.067E-10 0.183
34.875 1.067E-10 0.183
34.875 1.065E-10 0.183
34.875 1.062E-10 0.183
34.875 1.062E-10 0.183
34.875 9.59E-11 0.183
33.25 9.55E-11 0.187
33.25 9.52E-11 0.187
33.25 9.52E-11 0.187
33.25 9.5E-11 0.187
33.25 9.48E-11 0.187
33.25 9.46E-11 0.187
33.25 9.46E-11 0.187
33.25 9.44E-11 0.187
33.875 9.43E-11 0.187
33.875 9.42E-11 0.187
33.875 9.42E-11 0.187
33.875 9.41E-11 0.187
33.875 9.4E-11 0.187
33.875 9.4E-11 0.187
33.875 9.39E-11 0.186
33.875 9.38E-11 0.186
34.4375 9.37E-11 0.186
34.4375 9.37E-11 0.186
34.4375 9.37E-11 0.186
34.4375 9.36E-11 0.186
34.4375 9.36E-11 0.186
34.4375 9.35E-11 0.186
34.4375 9.35E-11 0.186
34.4375 9.34E-11 0.185
34.4375 9.34E-11 0.185
34.6875 9.33E-11 0.185
34.6875 9.32E-11 0.185
34.6875 9.32E-11 0.185
34.6875 9.32E-11 0.185
34.6875 9.31E-11 0.185
34.6875 9.3E-11 0.185
34.6875 9.29E-11 0.185
34.6875 9.29E-11 0.185
33.875 9.28E-11 0.185
33.875 9.27E-11 0.185
33.875 9.27E-11 0.185
33.875 9.25E-11 0.185
33.875 9.24E-11 0.185
33.875 9.23E-11 0.185
33.875 9.23E-11 0.185
33.875 9.22E-11 0.185
34.125 9.21E-11 0.185
34.125 9.2E-11 0.185
34.125 9.2E-11 0.185
34.125 9.18E-11 0.185
34.125 9.17E-11 0.186
34.125 9.17E-11 0.186
34.125 9.16E-11 0.186
34.125 9.15E-11 0.186
34.1875 9.13E-11 0.186
34.1875 9.13E-11 0.186
34.1875 9.12E-11 0.186
34.1875 9.11E-11 0.186
34.1875 9.1E-11 0.186
34.1875 9.1E-11 0.186
34.1875 9.08E-11 0.186
34.1875 9.07E-11 0.186
34.1875 9.07E-11 0.186
34.25 9.05E-11 0.186
34.25 9.04E-11 0.186
34.25 9.02E-11 0.186
34.25 9.02E-11 0.186
34.25 9.01E-11 0.186
34.25 9E-11 0.186
34.25 8.98E-11 0.186
34.25 8.98E-11 0.186
34.625 8.97E-11 0.186
34.625 8.96E-11 0.186
34.625 8.96E-11 0.186
34.625 8.94E-11 0.186
34.625 8.93E-11 0.186
34.625 8.92E-11 0.186
34.625 8.92E-11 0.186
34.625 8.91E-11 0.186
34.3125 8.89E-11 0.186
34.3125 8.88E-11 0.186
34.3125 8.88E-11 0.186
34.3125 8.87E-11 0.186
34.3125 8.86E-11 0.186
34.3125 8.86E-11 0.186
34.3125 8.84E-11 0.186
34.3125 8.83E-11 0.186
34.25 8.82E-11 0.186
34.25 8.82E-11 0.186
34.25 8.81E-11 0.186
34.25 8.79E-11 0.187
34.25 8.78E-11 0.187
34.25 8.78E-11 0.187
34.25 8.77E-11 0.187
34.25 8.75E-11 0.187
34.25 8.75E-11 0.187
33.1875 8.74E-11 0.187
33.1875 8.73E-11 0.187
33.1875 8.71E-11 0.187
33.1875 8.71E-11 0.187
33.1875 8.7E-11 0.187
33.1875 8.68E-11 0.187
33.1875 8.68E-11 0.187
33.1875 8.67E-11 0.187
33.0625 8.66E-11 0.187
33.0625 8.64E-11 0.187
33.0625 8.64E-11 0.187
33.0625 7.62E-11 0.188
33.0625 7.6E-11 0.197
33.0625 7.58E-11 0.197
33.0625 7.58E-11 0.197
33.0625 7.56E-11 0.197
32.4375 7.55E-11 0.197
32.4375 7.55E-11 0.197
32.4375 7.54E-11 0.197
32.4375 7.53E-11 0.197
32.4375 7.52E-11 0.197
32.4375 7.52E-11 0.197
32.4375 7.51E-11 0.197
32.4375 7.5E-11 0.198
32.4375 7.49E-11 0.198
32.8125 7.49E-11 0.198
32.8125 7.49E-11 0.198
33 7.48E-11 0.198
33 7.48E-11 0.198
33 7.47E-11 0.198
33.1875 7.47E-11 0.198
33.1875 7.46E-11 0.198
33.1875 7.46E-11 0.198
33.5 7.45E-11 0.198
33.5 7.44E-11 0.198
33.5 7.44E-11 0.198
33.5 7.43E-11 0.198
33.5 7.43E-11 0.198
33.5 7.42E-11 0.198
33.5 7.42E-11 0.198
33.5 7.41E-11 0.198
33.6875 7.41E-11 0.198
33.6875 7.4E-11 0.198
33.6875 7.4E-11 0.198
33.6875 7.39E-11 0.198
33.6875 7.39E-11 0.198
33.6875 7.39E-11 0.198
33.6875 7.38E-11 0.198
33.6875 7.38E-11 0.198
33.75 7.37E-11 0.198
33.75 7.37E-11 0.198
33.75 7.37E-11 0.198
33.75 7.37E-11 0.198
33.75 7.36E-11 0.198
33.75 7.36E-11 0.198
33.75 7.36E-11 0.198
33.75 7.35E-11 0.198
33.75 7.35E-11 0.198
33.25 7.35E-11 0.199
33.25 7.34E-11 0.199
33.125 7.34E-11 0.199
33.125 7.34E-11 0.199
33.125 7.33E-11 0.199
33.25 7.33E-11 0.199
33.25 7.32E-11 0.199
33.25 7.32E-11 0.199
33.1875 7.32E-11 0.199
33.1875 7.31E-11 0.199
33.1875 7.31E-11 0.199
33.1875 7.31E-11 0.199
33.1875 7.3E-11 0.199
33.1875 7.3E-11 0.199
33.1875 7.3E-11 0.199
33.1875 7.29E-11 0.199
31 7.28E-11 0.199
31 7.27E-11 0.2
31 7.27E-11 0.2
31 7.26E-11 0.2
31 7.25E-11 0.2
31 7.25E-11 0.2
31 7.24E-11 0.2
31 7.23E-11 0.2
31.125 7.22E-11 0.2
31.125 7.22E-11 0.2
31.125 7.2E-11 0.201
31.125 7.19E-11 0.201
31.125 7.18E-11 0.201
31.125 7.18E-11 0.201
31.125 7.17E-11 0.201
31.125 7.16E-11 0.201
31.5 7.15E-11 0.202
31.5 7.15E-11 0.202
31.5 7.14E-11 0.202
31.5 7.13E-11 0.202
31.5 7.13E-11 0.202
31.5 7.12E-11 0.202
31.5 7.12E-11 0.202
31.5 7.11E-11 0.203
31.5 7.11E-11 0.203
31.9375 7.1E-11 0.203
31.9375 7.09E-11 0.203
31.9375 7.08E-11 0.203
31.9375 7.08E-11 0.203
31.9375 7.08E-11 0.203
31.9375 7.07E-11 0.203
31.9375 7.07E-11 0.203
31.9375 7.06E-11 0.204
31.75 7.05E-11 0.204
31.75 7.05E-11 0.204
31.75 7.05E-11 0.204
31.75 7.04E-11 0.204
31.75 7.03E-11 0.204
31.75 7.03E-11 0.205
31.75 7.03E-11 0.205
31.75 7.02E-11 0.205
31.4375 7.01E-11 0.205
31.4375 7.01E-11 0.205
31.4375 7.01E-11 0.205
31.4375 7E-11 0.205
31.4375 7E-11 0.205
31.4375 7E-11 0.205
31.4375 6.99E-11 0.206
31.4375 6.98E-11 0.206
30.75 6.98E-11 0.206
30.75 6.98E-11 0.206
30.75 6.97E-11 0.206
30.75 6.97E-11 0.207
30.75 6.96E-11 0.207
30.75 6.96E-11 0.207
30.75 6.95E-11 0.207
30.75 6.95E-11 0.208
30.75 6.95E-11 0.208
30.875 6.94E-11 0.208
30.875 6.94E-11 0.208
30.875 6.93E-11 0.208
30.875 6.93E-11 0.208
30.875 6.92E-11 0.209
30.875 6.92E-11 0.209
30.875 6.91E-11 0.209
30.875 6.91E-11 0.209
30.6875 6.91E-11 0.21
30.6875 6.9E-11 0.21
30.6875 6.9E-11 0.21
30.6875 6.9E-11 0.21
30.6875 6.89E-11 0.21
30.6875 6.88E-11 0.211
30.6875 6.88E-11 0.211
30.6875 6.88E-11 0.211
31.3125 6.87E-11 0.211
31.3125 6.87E-11 0.211
31.3125 6.87E-11 0.211
31.3125 6.86E-11 0.212
31.3125 6.86E-11 0.212
31.3125 6.86E-11 0.212
31.3125 6.85E-11 0.212
31.3125 6.84E-11 0.212
30.9375 6.84E-11 0.213
30.9375 6.84E-11 0.213
30.9375 6.83E-11 0.213
30.9375 6.83E-11 0.213
30.9375 6.82E-11 0.213
30.9375 6.82E-11 0.213
30.9375 6.81E-11 0.214
30.9375 6.81E-11 0.214
30.9375 6.81E-11 0.214
31 6.8E-11 0.214
31 6.79E-11 0.214
31 6.79E-11 0.214
31 6.79E-11 0.214
31 6.78E-11 0.215
31 6.78E-11 0.215
31 6.77E-11 0.215
31 6.77E-11 0.215
30.125 6.77E-11 0.215
30.125 6.76E-11 0.216
30.125 6.75E-11 0.216
